  102  108    1    0.001
  100    1        20    1    1    
    0    1    71.05   .0008    0.5366
    1    1   0.5      0.25        0    0    1  102
    1    1    1    1    1    1    1     0.000     0.000     0.000         0.    
    2    1    1    1    1    1    1   360.000     0.000     0.000         0.    
    3    1    1    1    1    1    1   720.000     0.000     0.000         0.    
    4    1    1    1    1    1    1  1080.000     0.000     0.000         0.    
    5    1    1    1    1    1    1  1440.000     0.000     0.000         0.    
    6    1    1    1    1    1    1  1500.000     0.000     0.000         0.    
    7    0    1    0    1    0    1     0.000     0.000    39.000         0.    
    8    0    1    0    1    0    1   360.000     0.000    39.000         0.    
    9    0    1    0    1    0    1   720.000     0.000    39.000         0.    
   10    0    1    0    1    0    1  1080.000     0.000    39.000         0.    
   11    0    1    0    1    0    1  1440.000     0.000    39.000         0.    
   12    0    1    0    1    0    1     0.000     0.000    78.000         0.    
   13    0    1    0    1    0    1   360.000     0.000    78.000         0.    
   14    0    1    0    1    0    1   720.000     0.000    78.000         0.    
   15    0    1    0    1    0    1  1080.000     0.000    78.000         0.    
   16    0    1    0    1    0    1  1440.000     0.000    78.000         0.    
   17    0    1    0    1    0    1     0.000     0.000   117.000         0.    
   18    0    1    0    1    0    1   360.000     0.000   117.000         0.    
   19    0    1    0    1    0    1   720.000     0.000   117.000         0.    
   20    0    1    0    1    0    1  1080.000     0.000   117.000         0.    
   21    0    1    0    1    0    1  1440.000     0.000   117.000         0.    
   22    0    1    0    1    0    1     0.000     0.000   156.000         0.    
   23    0    1    0    1    0    1    90.000     0.000   156.000         0.    
   24    0    1    0    1    0    1   180.000     0.000   156.000         0.    
   25    0    1    0    1    0    1   270.000     0.000   156.000         0.    
   26    0    1    0    1    0    1   360.000     0.000   156.000         0.    
   27    0    1    0    1    0    1   450.000     0.000   156.000         0.    
   28    0    1    0    1    0    1   540.000     0.000   156.000         0.    
   29    0    1    0    1    0    1   630.000     0.000   156.000         0.    
   30    0    1    0    1    0    1   720.000     0.000   156.000         0.    
   31    0    1    0    1    0    1   810.000     0.000   156.000         0.    
   32    0    1    0    1    0    1   900.000     0.000   156.000         0.    
   33    0    1    0    1    0    1   990.000     0.000   156.000         0.    
   34    0    1    0    1    0    1  1080.000     0.000   156.000         0.    
   35    0    1    0    1    0    1  1170.000     0.000   156.000         0.    
   36    0    1    0    1    0    1  1260.000     0.000   156.000         0.    
   37    0    1    0    1    0    1  1350.000     0.000   156.000         0.    
   38    0    1    0    1    0    1  1440.000     0.000   156.000         0.    
   39    0    1    0    1    0    1     0.000     0.000   195.000         0.    
   40    0    1    0    1    0    1   360.000     0.000   195.000         0.    
   41    0    1    0    1    0    1   720.000     0.000   195.000         0.    
   42    0    1    0    1    0    1  1080.000     0.000   195.000         0.    
   43    0    1    0    1    0    1  1440.000     0.000   195.000         0.    
   44    0    1    0    1    0    1     0.000     0.000   234.000         0.    
   45    0    1    0    1    0    1   360.000     0.000   234.000         0.    
   46    0    1    0    1    0    1   720.000     0.000   234.000         0.    
   47    0    1    0    1    0    1  1080.000     0.000   234.000         0.    
   48    0    1    0    1    0    1  1440.000     0.000   234.000         0.    
   49    0    1    0    1    0    1     0.000     0.000   273.000         0.    
   50    0    1    0    1    0    1   360.000     0.000   273.000         0.    
   51    0    1    0    1    0    1   720.000     0.000   273.000         0.    
   52    0    1    0    1    0    1  1080.000     0.000   273.000         0.    
   53    0    1    0    1    0    1  1440.000     0.000   273.000         0.    
   54    0    1    0    1    0    1     0.000     0.000   312.000         0.    
   55    0    1    0    1    0    1    90.000     0.000   312.000         0.    
   56    0    1    0    1    0    1   180.000     0.000   312.000         0.    
   57    0    1    0    1    0    1   270.000     0.000   312.000         0.    
   58    0    1    0    1    0    1   360.000     0.000   312.000         0.    
   59    0    1    0    1    0    1   450.000     0.000   312.000         0.    
   60    0    1    0    1    0    1   540.000     0.000   312.000         0.    
   61    0    1    0    1    0    1   630.000     0.000   312.000         0.    
   62    0    1    0    1    0    1   720.000     0.000   312.000         0.    
   63    0    1    0    1    0    1   810.000     0.000   312.000         0.    
   64    0    1    0    1    0    1   900.000     0.000   312.000         0.    
   65    0    1    0    1    0    1   990.000     0.000   312.000         0.    
   66    0    1    0    1    0    1  1080.000     0.000   312.000         0.    
   67    0    1    0    1    0    1  1170.000     0.000   312.000         0.    
   68    0    1    0    1    0    1  1260.000     0.000   312.000         0.    
   69    0    1    0    1    0    1  1350.000     0.000   312.000         0.    
   70    0    1    0    1    0    1  1440.000     0.000   312.000         0.    
   71    0    1    0    1    0    1     0.000     0.000   351.000         0.    
   72    0    1    0    1    0    1   360.000     0.000   351.000         0.    
   73    0    1    0    1    0    1   720.000     0.000   351.000         0.    
   74    0    1    0    1    0    1  1080.000     0.000   351.000         0.    
   75    0    1    0    1    0    1  1440.000     0.000   351.000         0.    
   76    0    1    0    1    0    1     0.000     0.000   390.000         0.    
   77    0    1    0    1    0    1   360.000     0.000   390.000         0.    
   78    0    1    0    1    0    1   720.000     0.000   390.000         0.    
   79    0    1    0    1    0    1  1080.000     0.000   390.000         0.    
   80    0    1    0    1    0    1  1440.000     0.000   390.000         0.    
   81    0    1    0    1    0    1     0.000     0.000   429.000         0.    
   82    0    1    0    1    0    1   360.000     0.000   429.000         0.    
   83    0    1    0    1    0    1   720.000     0.000   429.000         0.    
   84    0    1    0    1    0    1  1080.000     0.000   429.000         0.    
   85    0    1    0    1    0    1  1440.000     0.000   429.000         0.    
   86    0    1    0    1    0    1     0.000     0.000   468.000         0.    
   87    0    1    0    1    0    1    90.000     0.000   468.000         0.    
   88    0    1    0    1    0    1   180.000     0.000   468.000         0.    
   89    0    1    0    1    0    1   270.000     0.000   468.000         0.    
   90    0    1    0    1    0    1   360.000     0.000   468.000         0.    
   91    0    1    0    1    0    1   450.000     0.000   468.000         0.    
   92    0    1    0    1    0    1   540.000     0.000   468.000         0.    
   93    0    1    0    1    0    1   630.000     0.000   468.000         0.    
   94    0    1    0    1    0    1   720.000     0.000   468.000         0.    
   95    0    1    0    1    0    1   810.000     0.000   468.000         0.    
   96    0    1    0    1    0    1   900.000     0.000   468.000         0.    
   97    0    1    0    1    0    1   990.000     0.000   468.000         0.    
   98    0    1    0    1    0    1  1080.000     0.000   468.000         0.    
   99    0    1    0    1    0    1  1170.000     0.000   468.000         0.    
  100    0    1    0    1    0    1  1260.000     0.000   468.000         0.    
  101    0    1    0    1    0    1  1350.000     0.000   468.000         0.    
  102    0    1    0    1    0    1  1440.000     0.000   468.000         0.    
         5    5
    1    1    7    6    1    1  0  0  0  0  0  0  0  0     0     0        0.    
    2    7   12    6    1    1  0  0  0  0  0  0  0  0     0     0        0.    
    3   12   17    6    1    1  0  0  0  0  0  0  0  0     0     0        0.    
    4   17   22    6    1    1  0  0  0  0  0  0  0  0     0     0        0.    
    5   22   39    6    1    1  0  0  0  0  0  0  0  0     0     0        0.    
    6   39   44    6    1    1  0  0  0  0  0  0  0  0     0     0        0.    
    7   44   49    6    1    1  0  0  0  0  0  0  0  0     0     0        0.    
    8   49   54    6    1    1  0  0  0  0  0  0  0  0     0     0        0.    
    9   54   71    6    1    1  0  0  0  0  0  0  0  0     0     0        0.    
   10   71   76    6    1    1  0  0  0  0  0  0  0  0     0     0        0.    
   11   76   81    6    1    1  0  0  0  0  0  0  0  0     0     0        0.    
   12   81   86    6    1    1  0  0  0  0  0  0  0  0     0     0        0.    
   13    2    8    6    2    2  0  0  0  0  0  0  0  0     0     0        0.    
   14    8   13    6    2    2  0  0  0  0  0  0  0  0     0     0        0.    
   15   13   18    6    2    2  0  0  0  0  0  0  0  0     0     0        0.    
   16   18   26    6    2    2  0  0  0  0  0  0  0  0     0     0        0.    
   17   26   40    6    2    2  0  0  0  0  0  0  0  0     0     0        0.    
   18   40   45    6    2    2  0  0  0  0  0  0  0  0     0     0        0.    
   19   45   50    6    2    2  0  0  0  0  0  0  0  0     0     0        0.    
   20   50   58    6    2    2  0  0  0  0  0  0  0  0     0     0        0.    
   21   58   72    6    2    2  0  0  0  0  0  0  0  0     0     0        0.    
   22   72   77    6    2    2  0  0  0  0  0  0  0  0     0     0        0.    
   23   77   82    6    2    2  0  0  0  0  0  0  0  0     0     0        0.    
   24   82   90    6    2    2  0  0  0  0  0  0  0  0     0     0        0.    
   25    3    9    6    2    2  0  0  0  0  0  0  0  0     0     0        0.    
   26    9   14    6    2    2  0  0  0  0  0  0  0  0     0     0        0.    
   27   14   19    6    2    2  0  0  0  0  0  0  0  0     0     0        0.    
   28   19   30    6    2    2  0  0  0  0  0  0  0  0     0     0        0.    
   29   30   41    6    2    2  0  0  0  0  0  0  0  0     0     0        0.    
   30   41   46    6    2    2  0  0  0  0  0  0  0  0     0     0        0.    
   31   46   51    6    2    2  0  0  0  0  0  0  0  0     0     0        0.    
   32   51   62    6    2    2  0  0  0  0  0  0  0  0     0     0        0.    
   33   62   73    6    2    2  0  0  0  0  0  0  0  0     0     0        0.    
   34   73   78    6    2    2  0  0  0  0  0  0  0  0     0     0        0.    
   35   78   83    6    2    2  0  0  0  0  0  0  0  0     0     0        0.    
   36   83   94    6    2    2  0  0  0  0  0  0  0  0     0     0        0.    
   37    4   10    6    2    2  0  0  0  0  0  0  0  0     0     0        0.    
   38   10   15    6    2    2  0  0  0  0  0  0  0  0     0     0        0.    
   39   15   20    6    2    2  0  0  0  0  0  0  0  0     0     0        0.    
   40   20   34    6    2    2  0  0  0  0  0  0  0  0     0     0        0.    
   41   34   42    6    2    2  0  0  0  0  0  0  0  0     0     0        0.    
   42   42   47    6    2    2  0  0  0  0  0  0  0  0     0     0        0.    
   43   47   52    6    2    2  0  0  0  0  0  0  0  0     0     0        0.    
   44   52   66    6    2    2  0  0  0  0  0  0  0  0     0     0        0.    
   45   66   74    6    2    2  0  0  0  0  0  0  0  0     0     0        0.    
   46   74   79    6    2    2  0  0  0  0  0  0  0  0     0     0        0.    
   47   79   84    6    2    2  0  0  0  0  0  0  0  0     0     0        0.    
   48   84   98    6    2    2  0  0  0  0  0  0  0  0     0     0        0.    
   49    5   11    6    1    1  0  0  0  0  0  0  0  0     0     0        0.    
   50   11   16    6    1    1  0  0  0  0  0  0  0  0     0     0        0.    
   51   16   21    6    1    1  0  0  0  0  0  0  0  0     0     0        0.    
   52   21   38    6    1    1  0  0  0  0  0  0  0  0     0     0        0.    
   53   38   43    6    1    1  0  0  0  0  0  0  0  0     0     0        0.    
   54   43   48    6    1    1  0  0  0  0  0  0  0  0     0     0        0.    
   55   48   53    6    1    1  0  0  0  0  0  0  0  0     0     0        0.    
   56   53   70    6    1    1  0  0  0  0  0  0  0  0     0     0        0.    
   57   70   75    6    1    1  0  0  0  0  0  0  0  0     0     0        0.    
   58   75   80    6    1    1  0  0  0  0  0  0  0  0     0     0        0.    
   59   80   85    6    1    1  0  0  0  0  0  0  0  0     0     0        0.    
   60   85  102    6    1    1  0  0  0  0  0  0  0  0     0     0        0.    
   61   22   23    6    3    3  0  0  0  0  0  0  0  0     0     0        0.    
   62   23   24    6    3    3  0  0  0  0  0  0  0  0     0     0        0.    
   63   24   25    6    3    3  0  0  0  0  0  0  0  0     0     0        0.    
   64   25   26    6    3    3  0  0  0  0  0  0  0  0     0     0        0.    
   65   26   27    6    3    3  0  0  0  0  0  0  0  0     0     0        0.    
   66   27   28    6    3    3  0  0  0  0  0  0  0  0     0     0        0.    
   67   28   29    6    3    3  0  0  0  0  0  0  0  0     0     0        0.    
   68   29   30    6    3    3  0  0  0  0  0  0  0  0     0     0        0.    
   69   30   31    6    3    3  0  0  0  0  0  0  0  0     0     0        0.    
   70   31   32    6    3    3  0  0  0  0  0  0  0  0     0     0        0.    
   71   32   33    6    3    3  0  0  0  0  0  0  0  0     0     0        0.    
   72   33   34    6    3    3  0  0  0  0  0  0  0  0     0     0        0.    
   73   34   35    6    3    3  0  0  0  0  0  0  0  0     0     0        0.    
   74   35   36    6    3    3  0  0  0  0  0  0  0  0     0     0        0.    
   75   36   37    6    3    3  0  0  0  0  0  0  0  0     0     0        0.    
   76   37   38    6    3    3  0  0  0  0  0  0  0  0     0     0        0.    
   77   54   55    6    4    4  0  0  0  0  0  0  0  0     0     0        0.    
   78   55   56    6    4    4  0  0  0  0  0  0  0  0     0     0        0.    
   79   56   57    6    4    4  0  0  0  0  0  0  0  0     0     0        0.    
   80   57   58    6    4    4  0  0  0  0  0  0  0  0     0     0        0.    
   81   58   59    6    4    4  0  0  0  0  0  0  0  0     0     0        0.    
   82   59   60    6    4    4  0  0  0  0  0  0  0  0     0     0        0.    
   83   60   61    6    4    4  0  0  0  0  0  0  0  0     0     0        0.    
   84   61   62    6    4    4  0  0  0  0  0  0  0  0     0     0        0.    
   85   62   63    6    4    4  0  0  0  0  0  0  0  0     0     0        0.    
   86   63   64    6    4    4  0  0  0  0  0  0  0  0     0     0        0.    
   87   64   65    6    4    4  0  0  0  0  0  0  0  0     0     0        0.    
   88   65   66    6    4    4  0  0  0  0  0  0  0  0     0     0        0.    
   89   66   67    6    4    4  0  0  0  0  0  0  0  0     0     0        0.    
   90   67   68    6    4    4  0  0  0  0  0  0  0  0     0     0        0.    
   91   68   69    6    4    4  0  0  0  0  0  0  0  0     0     0        0.    
   92   69   70    6    4    4  0  0  0  0  0  0  0  0     0     0        0.    
   93   86   87    6    5    5  0  0  0  0  0  0  0  0     0     0        0.    
   94   87   88    6    5    5  0  0  0  0  0  0  0  0     0     0        0.    
   95   88   89    6    5    5  0  0  0  0  0  0  0  0     0     0        0.    
   96   89   90    6    5    5  0  0  0  0  0  0  0  0     0     0        0.    
   97   90   91    6    5    5  0  0  0  0  0  0  0  0     0     0        0.    
   98   91   92    6    5    5  0  0  0  0  0  0  0  0     0     0        0.    
   99   92   93    6    5    5  0  0  0  0  0  0  0  0     0     0        0.    
  100   93   94    6    5    5  0  0  0  0  0  0  0  0     0     0        0.    
  101   94   95    6    5    5  0  0  0  0  0  0  0  0     0     0        0.    
  102   95   96    6    5    5  0  0  0  0  0  0  0  0     0     0        0.    
  103   96   97    6    5    5  0  0  0  0  0  0  0  0     0     0        0.    
  104   97   98    6    5    5  0  0  0  0  0  0  0  0     0     0        0.    
  105   98   99    6    5    5  0  0  0  0  0  0  0  0     0     0        0.    
  106   99  100    6    5    5  0  0  0  0  0  0  0  0     0     0        0.    
  107  100  101    6    5    5  0  0  0  0  0  0  0  0     0     0        0.    
  108  101  102    6    5    5  0  0  0  0  0  0  0  0     0     0        0.    
     29.e6     6.5e4 .00224138    400.    0.7145e9     0.000 
     29.e6     6.5e4 .00224138    400.    1.1716e9     0.000
     29.e6     5.0e4 .00172414    400.    0.2436e9     1.956 
     29.e6     5.0e4 .00172414    400.    0.3294e9     1.956 
     29.e6     5.0e4 .00172414    400.    4.6748e7     2.124 
   32				W14x159 updated to W27X258
    13.615     6.484     2.358
    13.615     5.152     2.358
    13.615     3.820     2.358
    13.615     2.488     2.358
    13.615     1.156     2.358
    13.615     0.000     1.735
    13.615    -1.156     2.358
    13.615    -2.488     2.358
    13.615    -3.820     2.358
    13.615    -5.152     2.358
    13.615    -6.484     2.358
    11.457     0.000     2.495
     8.911     0.000     2.495
     6.365     0.000     2.495
     3.819     0.000     2.495
     1.273     0.000     2.495
    -1.273     0.000     2.495
    -3.819     0.000     2.495
    -6.365     0.000     2.495
    -8.911     0.000     2.495
   -11.457     0.000     2.495
   -13.615    -6.484     2.358
   -13.615    -5.152     2.358
   -13.615    -3.820     2.358
   -13.615    -2.488     2.358
   -13.615    -1.156     2.358
   -13.615     0.000     1.735
   -13.615     1.156     2.358
   -13.615     2.488     2.358
   -13.615     3.820     2.358
   -13.615     5.152     2.358
   -13.615     6.484     2.358
   32				W14x176 updated to W27X307
    13.755     6.538     2.767
    13.755     5.214     2.767
    13.755     3.890     2.767
    13.755     2.566     2.767
    13.755     1.242     2.767
    13.755     0.000     2.424
    13.755    -1.242     2.767
    13.755    -2.566     2.767
    13.755    -3.890     2.767
    13.755    -5.214     2.767
    13.755    -6.538     2.767
    11.439     0.000     2.949
     8.897     0.000     2.949
     6.355     0.000     2.949
     3.813     0.000     2.949
     1.271     0.000     2.949
    -1.271     0.000     2.949
    -3.813     0.000     2.949
    -6.355     0.000     2.949
    -8.897     0.000     2.949
   -11.439     0.000     2.949
   -13.755    -6.538     2.767
   -13.755    -5.214     2.767
   -13.755    -3.890     2.767
   -13.755    -2.566     2.767
   -13.755    -1.242     2.767
   -13.755     0.000     2.424
   -13.755     1.242     2.767
   -13.755     2.566     2.767
   -13.755     3.890     2.767
   -13.755     5.214     2.767
   -13.755     6.538     2.767
   32				W24x76 updated to W30x191
    14.755     6.786     1.701
    14.755     5.357     1.701
    14.755     3.928     1.701
    14.755     2.499     1.701
    14.755     1.070     1.701
    14.755     0.000     0.845
    14.755    -1.070     1.701
    14.755    -2.499     1.701
    14.755    -3.928     1.701
    14.755    -5.357     1.701
    14.755    -6.786     1.701
    12.744     0.000     2.011
     9.912     0.000     2.011
     7.080     0.000     2.011
     4.248     0.000     2.011
     1.416     0.000     2.011
    -1.416     0.000     2.011
    -4.248     0.000     2.011
    -7.080     0.000     2.011
    -9.912     0.000     2.011
   -12.744     0.000     2.011
   -14.755    -6.786     1.701
   -14.755    -5.357     1.701
   -14.755    -3.928     1.701
   -14.755    -2.499     1.701
   -14.755    -1.070     1.701
   -14.755     0.000     0.845
   -14.755     1.070     1.701
   -14.755     2.499     1.701
   -14.755     3.928     1.701
   -14.755     5.357     1.701
   -14.755     6.786     1.701
   32				W24x84 updated to W30X211
    14.790     6.834     1.891
    14.790     5.401     1.891
    14.790     3.969     1.891
    14.790     2.536     1.891
    14.790     1.104     1.891
    14.790     0.000     1.023
    14.790    -1.104     1.891
    14.790    -2.536     1.891
    14.790    -3.969     1.891
    14.790    -5.401     1.891
    14.790    -6.834     1.891
    12.717     0.000     2.190
     9.891     0.000     2.190
     7.065     0.000     2.190
     4.239     0.000     2.190
     1.413     0.000     2.190
    -1.413     0.000     2.190
    -4.239     0.000     2.190
    -7.065     0.000     2.190
    -9.891     0.000     2.190
   -12.717     0.000     2.190
   -14.790    -6.834     1.891
   -14.790    -5.401     1.891
   -14.790    -3.969     1.891
   -14.790    -2.536     1.891
   -14.790    -1.104     1.891
   -14.790     0.000     1.023
   -14.790     1.104     1.891
   -14.790     2.536     1.891
   -14.790     3.969     1.891
   -14.790     5.401     1.891
   -14.790     6.834     1.891
   32				W24x68 updated to W27x94
    13.078     4.525     0.708
    13.078     3.574     0.708
    13.078     2.623     0.708
    13.078     1.672     0.708
    13.078     0.721     0.708
    13.078     0.000     0.365
    13.078    -0.721     0.708
    13.078    -1.672     0.708
    13.078    -2.623     0.708
    13.078    -3.574     0.708
    13.078    -4.525     0.708
    11.435     0.000     1.245
     8.894     0.000     1.245
     6.353     0.000     1.245
     3.812     0.000     1.245
     1.271     0.000     1.245
    -1.271     0.000     1.245
    -3.812     0.000     1.245
    -6.353     0.000     1.245
    -8.894     0.000     1.245
   -11.435     0.000     1.245
   -13.078    -4.525     0.708
   -13.078    -3.574     0.708
   -13.078    -2.623     0.708
   -13.078    -1.672     0.708
   -13.078    -0.721     0.708
   -13.078     0.000     0.365
   -13.078     0.721     0.708
   -13.078     1.672     0.708
   -13.078     2.623     0.708
   -13.078     3.574     0.708
   -13.078     4.525     0.708
