  407  440    2   .001
  100    1        15    0    0    
    6    1    85.69   .00329    0.1475
    1    1   0.5      0.25        0    0    1  406
    1    1    1    1    1    0    1     0.000     0.000     0.000         0.    
    2    1    1    1    1    0    1   360.000     0.000     0.000         0.    
    3    1    1    1    1    0    1   720.000     0.000     0.000         0.    
    4    1    1    1    1    0    1  1080.000     0.000     0.000         0.    
    5    1    1    1    1    0    1  1440.000     0.000     0.000         0.    
    6    1    1    1    1    0    1  1800.000     0.000     0.000         0.    
    7    1    1    1    1    1    1  1850.000     0.000     0.000         0.    
    8    1    1    1    1    1    1  1800.000    20.000     0.000         0.    
    9    0    1    0    1    0    1     0.000     0.000    36.000         0.    
   10    0    1    0    1    0    1   360.000     0.000    36.000         0.    
   11    0    1    0    1    0    1   720.000     0.000    36.000         0.    
   12    0    1    0    1    0    1  1080.000     0.000    36.000         0.    
   13    0    1    0    1    0    1  1440.000     0.000    36.000         0.    
   14    0    1    0    1    0    1  1800.000     0.000    36.000         0.    
   15    0    1    0    1    0    1     0.000     0.000    72.000         0.    
   16    0    1    0    1    0    1   360.000     0.000    72.000         0.    
   17    0    1    0    1    0    1   720.000     0.000    72.000         0.    
   18    0    1    0    1    0    1  1080.000     0.000    72.000         0.    
   19    0    1    0    1    0    1  1440.000     0.000    72.000         0.    
   20    0    1    0    1    0    1  1800.000     0.000    72.000         0.    
   21    0    1    0    1    0    1     0.000     0.000   108.000         0.    
   22    0    1    0    1    0    1   360.000     0.000   108.000         0.    
   23    0    1    0    1    0    1   720.000     0.000   108.000         0.    
   24    0    1    0    1    0    1  1080.000     0.000   108.000         0.    
   25    0    1    0    1    0    1  1440.000     0.000   108.000         0.    
   26    0    1    0    1    0    1  1800.000     0.000   108.000         0.    
   27    1    1    1    1    0    1     0.000     0.000   144.000         0.    
   28    0    1    0    1    0    1    90.000     0.000   144.000         0.    
   29    0    1    0    1    0    1   180.000     0.000   144.000         0.    
   30    0    1    0    1    0    1   270.000     0.000   144.000         0.    
   31    0    1    0    1    0    1   360.000     0.000   144.000         0.    
   32    0    1    0    1    0    1   450.000     0.000   144.000         0.    
   33    0    1    0    1    0    1   540.000     0.000   144.000         0.    
   34    0    1    0    1    0    1   630.000     0.000   144.000         0.    
   35    0    1    0    1    0    1   720.000     0.000   144.000         0.    
   36    0    1    0    1    0    1   810.000     0.000   144.000         0.    
   37    0    1    0    1    0    1   900.000     0.000   144.000         0.    
   38    0    1    0    1    0    1   990.000     0.000   144.000         0.    
   39    0    1    0    1    0    1  1080.000     0.000   144.000         0.    
   40    0    1    0    1    0    1  1170.000     0.000   144.000         0.    
   41    0    1    0    1    0    1  1260.000     0.000   144.000         0.    
   42    0    1    0    1    0    1  1350.000     0.000   144.000         0.    
   43    0    1    0    1    0    1  1440.000     0.000   144.000         0.    
   44    0    1    0    1    0    1  1530.000     0.000   144.000         0.    
   45    0    1    0    1    0    1  1620.000     0.000   144.000         0.    
   46    0    1    0    1    0    1  1710.000     0.000   144.000         0.    
   47    1    1    1    1    0    1  1800.000     0.000   144.000         0.    
   48    0    1    0    1    0    1     0.000     0.000   198.000         0.    
   49    0    1    0    1    0    1   360.000     0.000   198.000         0.    
   50    0    1    0    1    0    1   720.000     0.000   198.000         0.    
   51    0    1    0    1    0    1  1080.000     0.000   198.000         0.    
   52    0    1    0    1    0    1  1440.000     0.000   198.000         0.    
   53    0    1    0    1    0    1  1800.000     0.000   198.000         0.    
   54    0    1    0    1    0    1     0.000     0.000   252.000         0.    
   55    0    1    0    1    0    1   360.000     0.000   252.000         0.    
   56    0    1    0    1    0    1   720.000     0.000   252.000         0.    
   57    0    1    0    1    0    1  1080.000     0.000   252.000         0.    
   58    0    1    0    1    0    1  1440.000     0.000   252.000         0.    
   59    0    1    0    1    0    1  1800.000     0.000   252.000         0.    
   60    0    1    0    1    0    1     0.000     0.000   306.000         0.    
   61    0    1    0    1    0    1   360.000     0.000   306.000         0.    
   62    0    1    0    1    0    1   720.000     0.000   306.000         0.    
   63    0    1    0    1    0    1  1080.000     0.000   306.000         0.    
   64    0    1    0    1    0    1  1440.000     0.000   306.000         0.    
   65    0    1    0    1    0    1  1800.000     0.000   306.000         0.    
   66    0    1    0    1    0    1     0.000     0.000   360.000         0.    
   67    0    1    0    1    0    1    90.000     0.000   360.000         0.    
   68    0    1    0    1    0    1   180.000     0.000   360.000         0.    
   69    0    1    0    1    0    1   270.000     0.000   360.000         0.    
   70    0    1    0    1    0    1   360.000     0.000   360.000         0.    
   71    0    1    0    1    0    1   450.000     0.000   360.000         0.    
   72    0    1    0    1    0    1   540.000     0.000   360.000         0.    
   73    0    1    0    1    0    1   630.000     0.000   360.000         0.    
   74    0    1    0    1    0    1   720.000     0.000   360.000         0.    
   75    0    1    0    1    0    1   810.000     0.000   360.000         0.    
   76    0    1    0    1    0    1   900.000     0.000   360.000         0.    
   77    0    1    0    1    0    1   990.000     0.000   360.000         0.    
   78    0    1    0    1    0    1  1080.000     0.000   360.000         0.    
   79    0    1    0    1    0    1  1170.000     0.000   360.000         0.    
   80    0    1    0    1    0    1  1260.000     0.000   360.000         0.    
   81    0    1    0    1    0    1  1350.000     0.000   360.000         0.    
   82    0    1    0    1    0    1  1440.000     0.000   360.000         0.    
   83    0    1    0    1    0    1  1530.000     0.000   360.000         0.    
   84    0    1    0    1    0    1  1620.000     0.000   360.000         0.    
   85    0    1    0    1    0    1  1710.000     0.000   360.000         0.    
   86    0    1    0    1    0    1  1800.000     0.000   360.000         0.    
   87  -86    1  -86    1    0    1  1800.000     0.000   360.000         0.    
   88    0    1    0    1    0    1     0.000     0.000   399.000         0.    
   89    0    1    0    1    0    1   360.000     0.000   399.000         0.    
   90    0    1    0    1    0    1   720.000     0.000   399.000         0.    
   91    0    1    0    1    0    1  1080.000     0.000   399.000         0.    
   92    0    1    0    1    0    1  1440.000     0.000   399.000         0.    
   93    0    1    0    1    0    1  1800.000     0.000   399.000         0.    
   94    0    1    0    1    0    1     0.000     0.000   438.000         0.    
   95    0    1    0    1    0    1   360.000     0.000   438.000         0.    
   96    0    1    0    1    0    1   720.000     0.000   438.000         0.    
   97    0    1    0    1    0    1  1080.000     0.000   438.000         0.    
   98    0    1    0    1    0    1  1440.000     0.000   438.000         0.    
   99    0    1    0    1    0    1  1800.000     0.000   438.000         0.    
  100    0    1    0    1    0    1     0.000     0.000   477.000         0.    
  101    0    1    0    1    0    1   360.000     0.000   477.000         0.    
  102    0    1    0    1    0    1   720.000     0.000   477.000         0.    
  103    0    1    0    1    0    1  1080.000     0.000   477.000         0.    
  104    0    1    0    1    0    1  1440.000     0.000   477.000         0.    
  105    0    1    0    1    0    1  1800.000     0.000   477.000         0.    
  106    0    1    0    1    0    1     0.000     0.000   516.000         0.    
  107    0    1    0    1    0    1    90.000     0.000   516.000         0.    
  108    0    1    0    1    0    1   180.000     0.000   516.000         0.    
  109    0    1    0    1    0    1   270.000     0.000   516.000         0.    
  110    0    1    0    1    0    1   360.000     0.000   516.000         0.    
  111    0    1    0    1    0    1   450.000     0.000   516.000         0.    
  112    0    1    0    1    0    1   540.000     0.000   516.000         0.    
  113    0    1    0    1    0    1   630.000     0.000   516.000         0.    
  114    0    1    0    1    0    1   720.000     0.000   516.000         0.    
  115    0    1    0    1    0    1   810.000     0.000   516.000         0.    
  116    0    1    0    1    0    1   900.000     0.000   516.000         0.    
  117    0    1    0    1    0    1   990.000     0.000   516.000         0.    
  118    0    1    0    1    0    1  1080.000     0.000   516.000         0.    
  119    0    1    0    1    0    1  1170.000     0.000   516.000         0.    
  120    0    1    0    1    0    1  1260.000     0.000   516.000         0.    
  121    0    1    0    1    0    1  1350.000     0.000   516.000         0.    
  122    0    1    0    1    0    1  1440.000     0.000   516.000         0.    
  123    0    1    0    1    0    1  1530.000     0.000   516.000         0.    
  124    0    1    0    1    0    1  1620.000     0.000   516.000         0.    
  125    0    1    0    1    0    1  1710.000     0.000   516.000         0.    
  126    0    1    0    1    0    1  1800.000     0.000   516.000         0.    
  127 -126    1 -126    1    0    1  1800.000     0.000   516.000         0.    
  128    0    1    0    1    0    1     0.000     0.000   555.000         0.    
  129    0    1    0    1    0    1   360.000     0.000   555.000         0.    
  130    0    1    0    1    0    1   720.000     0.000   555.000         0.    
  131    0    1    0    1    0    1  1080.000     0.000   555.000         0.    
  132    0    1    0    1    0    1  1440.000     0.000   555.000         0.    
  133    0    1    0    1    0    1  1800.000     0.000   555.000         0.    
  134    0    1    0    1    0    1     0.000     0.000   594.000         0.    
  135    0    1    0    1    0    1   360.000     0.000   594.000         0.    
  136    0    1    0    1    0    1   720.000     0.000   594.000         0.    
  137    0    1    0    1    0    1  1080.000     0.000   594.000         0.    
  138    0    1    0    1    0    1  1440.000     0.000   594.000         0.    
  139    0    1    0    1    0    1  1800.000     0.000   594.000         0.    
  140    0    1    0    1    0    1     0.000     0.000   633.000         0.    
  141    0    1    0    1    0    1   360.000     0.000   633.000         0.    
  142    0    1    0    1    0    1   720.000     0.000   633.000         0.    
  143    0    1    0    1    0    1  1080.000     0.000   633.000         0.    
  144    0    1    0    1    0    1  1440.000     0.000   633.000         0.    
  145    0    1    0    1    0    1  1800.000     0.000   633.000         0.    
  146    0    1    0    1    0    1     0.000     0.000   672.000         0.    
  147    0    1    0    1    0    1    90.000     0.000   672.000         0.    
  148    0    1    0    1    0    1   180.000     0.000   672.000         0.    
  149    0    1    0    1    0    1   270.000     0.000   672.000         0.    
  150    0    1    0    1    0    1   360.000     0.000   672.000         0.    
  151    0    1    0    1    0    1   450.000     0.000   672.000         0.    
  152    0    1    0    1    0    1   540.000     0.000   672.000         0.    
  153    0    1    0    1    0    1   630.000     0.000   672.000         0.    
  154    0    1    0    1    0    1   720.000     0.000   672.000         0.    
  155    0    1    0    1    0    1   810.000     0.000   672.000         0.    
  156    0    1    0    1    0    1   900.000     0.000   672.000         0.    
  157    0    1    0    1    0    1   990.000     0.000   672.000         0.    
  158    0    1    0    1    0    1  1080.000     0.000   672.000         0.    
  159    0    1    0    1    0    1  1170.000     0.000   672.000         0.    
  160    0    1    0    1    0    1  1260.000     0.000   672.000         0.    
  161    0    1    0    1    0    1  1350.000     0.000   672.000         0.    
  162    0    1    0    1    0    1  1440.000     0.000   672.000         0.    
  163    0    1    0    1    0    1  1530.000     0.000   672.000         0.    
  164    0    1    0    1    0    1  1620.000     0.000   672.000         0.    
  165    0    1    0    1    0    1  1710.000     0.000   672.000         0.    
  166    0    1    0    1    0    1  1800.000     0.000   672.000         0.    
  167 -166    1 -166    1    0    1  1800.000     0.000   672.000         0.    
  168    0    1    0    1    0    1     0.000     0.000   711.000         0.    
  169    0    1    0    1    0    1   360.000     0.000   711.000         0.    
  170    0    1    0    1    0    1   720.000     0.000   711.000         0.    
  171    0    1    0    1    0    1  1080.000     0.000   711.000         0.    
  172    0    1    0    1    0    1  1440.000     0.000   711.000         0.    
  173    0    1    0    1    0    1  1800.000     0.000   711.000         0.    
  174    0    1    0    1    0    1     0.000     0.000   750.000         0.    
  175    0    1    0    1    0    1   360.000     0.000   750.000         0.    
  176    0    1    0    1    0    1   720.000     0.000   750.000         0.    
  177    0    1    0    1    0    1  1080.000     0.000   750.000         0.    
  178    0    1    0    1    0    1  1440.000     0.000   750.000         0.    
  179    0    1    0    1    0    1  1800.000     0.000   750.000         0.    
  180    0    1    0    1    0    1     0.000     0.000   789.000         0.    
  181    0    1    0    1    0    1   360.000     0.000   789.000         0.    
  182    0    1    0    1    0    1   720.000     0.000   789.000         0.    
  183    0    1    0    1    0    1  1080.000     0.000   789.000         0.    
  184    0    1    0    1    0    1  1440.000     0.000   789.000         0.    
  185    0    1    0    1    0    1  1800.000     0.000   789.000         0.    
  186    0    1    0    1    0    1     0.000     0.000   828.000         0.    
  187    0    1    0    1    0    1    90.000     0.000   828.000         0.    
  188    0    1    0    1    0    1   180.000     0.000   828.000         0.    
  189    0    1    0    1    0    1   270.000     0.000   828.000         0.    
  190    0    1    0    1    0    1   360.000     0.000   828.000         0.    
  191    0    1    0    1    0    1   450.000     0.000   828.000         0.    
  192    0    1    0    1    0    1   540.000     0.000   828.000         0.    
  193    0    1    0    1    0    1   630.000     0.000   828.000         0.    
  194    0    1    0    1    0    1   720.000     0.000   828.000         0.    
  195    0    1    0    1    0    1   810.000     0.000   828.000         0.    
  196    0    1    0    1    0    1   900.000     0.000   828.000         0.    
  197    0    1    0    1    0    1   990.000     0.000   828.000         0.    
  198    0    1    0    1    0    1  1080.000     0.000   828.000         0.    
  199    0    1    0    1    0    1  1170.000     0.000   828.000         0.    
  200    0    1    0    1    0    1  1260.000     0.000   828.000         0.    
  201    0    1    0    1    0    1  1350.000     0.000   828.000         0.    
  202    0    1    0    1    0    1  1440.000     0.000   828.000         0.    
  203    0    1    0    1    0    1  1530.000     0.000   828.000         0.    
  204    0    1    0    1    0    1  1620.000     0.000   828.000         0.    
  205    0    1    0    1    0    1  1710.000     0.000   828.000         0.    
  206    0    1    0    1    0    1  1800.000     0.000   828.000         0.    
  207 -206    1 -206    1    0    1  1800.000     0.000   828.000         0.    
  208    0    1    0    1    0    1     0.000     0.000   867.000         0.    
  209    0    1    0    1    0    1   360.000     0.000   867.000         0.    
  210    0    1    0    1    0    1   720.000     0.000   867.000         0.    
  211    0    1    0    1    0    1  1080.000     0.000   867.000         0.    
  212    0    1    0    1    0    1  1440.000     0.000   867.000         0.    
  213    0    1    0    1    0    1  1800.000     0.000   867.000         0.    
  214    0    1    0    1    0    1     0.000     0.000   906.000         0.    
  215    0    1    0    1    0    1   360.000     0.000   906.000         0.    
  216    0    1    0    1    0    1   720.000     0.000   906.000         0.    
  217    0    1    0    1    0    1  1080.000     0.000   906.000         0.    
  218    0    1    0    1    0    1  1440.000     0.000   906.000         0.    
  219    0    1    0    1    0    1  1800.000     0.000   906.000         0.    
  220    0    1    0    1    0    1     0.000     0.000   945.000         0.    
  221    0    1    0    1    0    1   360.000     0.000   945.000         0.    
  222    0    1    0    1    0    1   720.000     0.000   945.000         0.    
  223    0    1    0    1    0    1  1080.000     0.000   945.000         0.    
  224    0    1    0    1    0    1  1440.000     0.000   945.000         0.    
  225    0    1    0    1    0    1  1800.000     0.000   945.000         0.    
  226    0    1    0    1    0    1     0.000     0.000   984.000         0.    
  227    0    1    0    1    0    1    90.000     0.000   984.000         0.    
  228    0    1    0    1    0    1   180.000     0.000   984.000         0.    
  229    0    1    0    1    0    1   270.000     0.000   984.000         0.    
  230    0    1    0    1    0    1   360.000     0.000   984.000         0.    
  231    0    1    0    1    0    1   450.000     0.000   984.000         0.    
  232    0    1    0    1    0    1   540.000     0.000   984.000         0.    
  233    0    1    0    1    0    1   630.000     0.000   984.000         0.    
  234    0    1    0    1    0    1   720.000     0.000   984.000         0.    
  235    0    1    0    1    0    1   810.000     0.000   984.000         0.    
  236    0    1    0    1    0    1   900.000     0.000   984.000         0.    
  237    0    1    0    1    0    1   990.000     0.000   984.000         0.    
  238    0    1    0    1    0    1  1080.000     0.000   984.000         0.    
  239    0    1    0    1    0    1  1170.000     0.000   984.000         0.    
  240    0    1    0    1    0    1  1260.000     0.000   984.000         0.    
  241    0    1    0    1    0    1  1350.000     0.000   984.000         0.    
  242    0    1    0    1    0    1  1440.000     0.000   984.000         0.    
  243    0    1    0    1    0    1  1530.000     0.000   984.000         0.    
  244    0    1    0    1    0    1  1620.000     0.000   984.000         0.    
  245    0    1    0    1    0    1  1710.000     0.000   984.000         0.    
  246    0    1    0    1    0    1  1800.000     0.000   984.000         0.    
  247 -246    1 -246    1    0    1  1800.000     0.000   984.000         0.    
  248    0    1    0    1    0    1     0.000     0.000  1023.000         0.    
  249    0    1    0    1    0    1   360.000     0.000  1023.000         0.    
  250    0    1    0    1    0    1   720.000     0.000  1023.000         0.    
  251    0    1    0    1    0    1  1080.000     0.000  1023.000         0.    
  252    0    1    0    1    0    1  1440.000     0.000  1023.000         0.    
  253    0    1    0    1    0    1  1800.000     0.000  1023.000         0.    
  254    0    1    0    1    0    1     0.000     0.000  1062.000         0.    
  255    0    1    0    1    0    1   360.000     0.000  1062.000         0.    
  256    0    1    0    1    0    1   720.000     0.000  1062.000         0.    
  257    0    1    0    1    0    1  1080.000     0.000  1062.000         0.    
  258    0    1    0    1    0    1  1440.000     0.000  1062.000         0.    
  259    0    1    0    1    0    1  1800.000     0.000  1062.000         0.    
  260    0    1    0    1    0    1     0.000     0.000  1101.000         0.    
  261    0    1    0    1    0    1   360.000     0.000  1101.000         0.    
  262    0    1    0    1    0    1   720.000     0.000  1101.000         0.    
  263    0    1    0    1    0    1  1080.000     0.000  1101.000         0.    
  264    0    1    0    1    0    1  1440.000     0.000  1101.000         0.    
  265    0    1    0    1    0    1  1800.000     0.000  1101.000         0.    
  266    0    1    0    1    0    1     0.000     0.000  1140.000         0.    
  267    0    1    0    1    0    1    90.000     0.000  1140.000         0.    
  268    0    1    0    1    0    1   180.000     0.000  1140.000         0.    
  269    0    1    0    1    0    1   270.000     0.000  1140.000         0.    
  270    0    1    0    1    0    1   360.000     0.000  1140.000         0.    
  271    0    1    0    1    0    1   450.000     0.000  1140.000         0.    
  272    0    1    0    1    0    1   540.000     0.000  1140.000         0.    
  273    0    1    0    1    0    1   630.000     0.000  1140.000         0.    
  274    0    1    0    1    0    1   720.000     0.000  1140.000         0.    
  275    0    1    0    1    0    1   810.000     0.000  1140.000         0.    
  276    0    1    0    1    0    1   900.000     0.000  1140.000         0.    
  277    0    1    0    1    0    1   990.000     0.000  1140.000         0.    
  278    0    1    0    1    0    1  1080.000     0.000  1140.000         0.    
  279    0    1    0    1    0    1  1170.000     0.000  1140.000         0.    
  280    0    1    0    1    0    1  1260.000     0.000  1140.000         0.    
  281    0    1    0    1    0    1  1350.000     0.000  1140.000         0.    
  282    0    1    0    1    0    1  1440.000     0.000  1140.000         0.    
  283    0    1    0    1    0    1  1530.000     0.000  1140.000         0.    
  284    0    1    0    1    0    1  1620.000     0.000  1140.000         0.    
  285    0    1    0    1    0    1  1710.000     0.000  1140.000         0.    
  286    0    1    0    1    0    1  1800.000     0.000  1140.000         0.    
  287 -286    1 -286    1    0    1  1800.000     0.000  1140.000         0.    
  288    0    1    0    1    0    1     0.000     0.000  1179.000         0.    
  289    0    1    0    1    0    1   360.000     0.000  1179.000         0.    
  290    0    1    0    1    0    1   720.000     0.000  1179.000         0.    
  291    0    1    0    1    0    1  1080.000     0.000  1179.000         0.    
  292    0    1    0    1    0    1  1440.000     0.000  1179.000         0.    
  293    0    1    0    1    0    1  1800.000     0.000  1179.000         0.    
  294    0    1    0    1    0    1     0.000     0.000  1218.000         0.    
  295    0    1    0    1    0    1   360.000     0.000  1218.000         0.    
  296    0    1    0    1    0    1   720.000     0.000  1218.000         0.    
  297    0    1    0    1    0    1  1080.000     0.000  1218.000         0.    
  298    0    1    0    1    0    1  1440.000     0.000  1218.000         0.    
  299    0    1    0    1    0    1  1800.000     0.000  1218.000         0.    
  300    0    1    0    1    0    1     0.000     0.000  1257.000         0.    
  301    0    1    0    1    0    1   360.000     0.000  1257.000         0.    
  302    0    1    0    1    0    1   720.000     0.000  1257.000         0.    
  303    0    1    0    1    0    1  1080.000     0.000  1257.000         0.    
  304    0    1    0    1    0    1  1440.000     0.000  1257.000         0.    
  305    0    1    0    1    0    1  1800.000     0.000  1257.000         0.    
  306    0    1    0    1    0    1     0.000     0.000  1296.000         0.    
  307    0    1    0    1    0    1    90.000     0.000  1296.000         0.    
  308    0    1    0    1    0    1   180.000     0.000  1296.000         0.    
  309    0    1    0    1    0    1   270.000     0.000  1296.000         0.    
  310    0    1    0    1    0    1   360.000     0.000  1296.000         0.    
  311    0    1    0    1    0    1   450.000     0.000  1296.000         0.    
  312    0    1    0    1    0    1   540.000     0.000  1296.000         0.    
  313    0    1    0    1    0    1   630.000     0.000  1296.000         0.    
  314    0    1    0    1    0    1   720.000     0.000  1296.000         0.    
  315    0    1    0    1    0    1   810.000     0.000  1296.000         0.    
  316    0    1    0    1    0    1   900.000     0.000  1296.000         0.    
  317    0    1    0    1    0    1   990.000     0.000  1296.000         0.    
  318    0    1    0    1    0    1  1080.000     0.000  1296.000         0.    
  319    0    1    0    1    0    1  1170.000     0.000  1296.000         0.    
  320    0    1    0    1    0    1  1260.000     0.000  1296.000         0.    
  321    0    1    0    1    0    1  1350.000     0.000  1296.000         0.    
  322    0    1    0    1    0    1  1440.000     0.000  1296.000         0.    
  323    0    1    0    1    0    1  1530.000     0.000  1296.000         0.    
  324    0    1    0    1    0    1  1620.000     0.000  1296.000         0.    
  325    0    1    0    1    0    1  1710.000     0.000  1296.000         0.    
  326    0    1    0    1    0    1  1800.000     0.000  1296.000         0.    
  327 -326    1 -326    1    0    1  1800.000     0.000  1296.000         0.    
  328    0    1    0    1    0    1     0.000     0.000  1335.000         0.    
  329    0    1    0    1    0    1   360.000     0.000  1335.000         0.    
  330    0    1    0    1    0    1   720.000     0.000  1335.000         0.    
  331    0    1    0    1    0    1  1080.000     0.000  1335.000         0.    
  332    0    1    0    1    0    1  1440.000     0.000  1335.000         0.    
  333    0    1    0    1    0    1  1800.000     0.000  1335.000         0.    
  334    0    1    0    1    0    1     0.000     0.000  1374.000         0.    
  335    0    1    0    1    0    1   360.000     0.000  1374.000         0.    
  336    0    1    0    1    0    1   720.000     0.000  1374.000         0.    
  337    0    1    0    1    0    1  1080.000     0.000  1374.000         0.    
  338    0    1    0    1    0    1  1440.000     0.000  1374.000         0.    
  339    0    1    0    1    0    1  1800.000     0.000  1374.000         0.    
  340    0    1    0    1    0    1     0.000     0.000  1413.000         0.    
  341    0    1    0    1    0    1   360.000     0.000  1413.000         0.    
  342    0    1    0    1    0    1   720.000     0.000  1413.000         0.    
  343    0    1    0    1    0    1  1080.000     0.000  1413.000         0.    
  344    0    1    0    1    0    1  1440.000     0.000  1413.000         0.    
  345    0    1    0    1    0    1  1800.000     0.000  1413.000         0.    
  346    0    1    0    1    0    1     0.000     0.000  1452.000         0.    
  347    0    1    0    1    0    1    90.000     0.000  1452.000         0.    
  348    0    1    0    1    0    1   180.000     0.000  1452.000         0.    
  349    0    1    0    1    0    1   270.000     0.000  1452.000         0.    
  350    0    1    0    1    0    1   360.000     0.000  1452.000         0.    
  351    0    1    0    1    0    1   450.000     0.000  1452.000         0.    
  352    0    1    0    1    0    1   540.000     0.000  1452.000         0.    
  353    0    1    0    1    0    1   630.000     0.000  1452.000         0.    
  354    0    1    0    1    0    1   720.000     0.000  1452.000         0.    
  355    0    1    0    1    0    1   810.000     0.000  1452.000         0.    
  356    0    1    0    1    0    1   900.000     0.000  1452.000         0.    
  357    0    1    0    1    0    1   990.000     0.000  1452.000         0.    
  358    0    1    0    1    0    1  1080.000     0.000  1452.000         0.    
  359    0    1    0    1    0    1  1170.000     0.000  1452.000         0.    
  360    0    1    0    1    0    1  1260.000     0.000  1452.000         0.    
  361    0    1    0    1    0    1  1350.000     0.000  1452.000         0.    
  362    0    1    0    1    0    1  1440.000     0.000  1452.000         0.    
  363    0    1    0    1    0    1  1530.000     0.000  1452.000         0.    
  364    0    1    0    1    0    1  1620.000     0.000  1452.000         0.    
  365    0    1    0    1    0    1  1710.000     0.000  1452.000         0.    
  366    0    1    0    1    0    1  1800.000     0.000  1452.000         0.    
  367 -366    1 -366    1    0    1  1800.000     0.000  1452.000         0.    
  368    0    1    0    1    0    1     0.000     0.000  1491.000         0.    
  369    0    1    0    1    0    1   360.000     0.000  1491.000         0.    
  370    0    1    0    1    0    1   720.000     0.000  1491.000         0.    
  371    0    1    0    1    0    1  1080.000     0.000  1491.000         0.    
  372    0    1    0    1    0    1  1440.000     0.000  1491.000         0.    
  373    0    1    0    1    0    1  1800.000     0.000  1491.000         0.    
  374    0    1    0    1    0    1     0.000     0.000  1530.000         0.    
  375    0    1    0    1    0    1   360.000     0.000  1530.000         0.    
  376    0    1    0    1    0    1   720.000     0.000  1530.000         0.    
  377    0    1    0    1    0    1  1080.000     0.000  1530.000         0.    
  378    0    1    0    1    0    1  1440.000     0.000  1530.000         0.    
  379    0    1    0    1    0    1  1800.000     0.000  1530.000         0.    
  380    0    1    0    1    0    1     0.000     0.000  1569.000         0.    
  381    0    1    0    1    0    1   360.000     0.000  1569.000         0.    
  382    0    1    0    1    0    1   720.000     0.000  1569.000         0.    
  383    0    1    0    1    0    1  1080.000     0.000  1569.000         0.    
  384    0    1    0    1    0    1  1440.000     0.000  1569.000         0.    
  385    0    1    0    1    0    1  1800.000     0.000  1569.000         0.    
  386    0    1    0    1    0    1     0.000     0.000  1608.000         0.    
  387    0    1    0    1    0    1    90.000     0.000  1608.000         0.    
  388    0    1    0    1    0    1   180.000     0.000  1608.000         0.    
  389    0    1    0    1    0    1   270.000     0.000  1608.000         0.    
  390    0    1    0    1    0    1   360.000     0.000  1608.000         0.    
  391    0    1    0    1    0    1   450.000     0.000  1608.000         0.    
  392    0    1    0    1    0    1   540.000     0.000  1608.000         0.    
  393    0    1    0    1    0    1   630.000     0.000  1608.000         0.    
  394    0    1    0    1    0    1   720.000     0.000  1608.000         0.    
  395    0    1    0    1    0    1   810.000     0.000  1608.000         0.    
  396    0    1    0    1    0    1   900.000     0.000  1608.000         0.    
  397    0    1    0    1    0    1   990.000     0.000  1608.000         0.    
  398    0    1    0    1    0    1  1080.000     0.000  1608.000         0.    
  399    0    1    0    1    0    1  1170.000     0.000  1608.000         0.    
  400    0    1    0    1    0    1  1260.000     0.000  1608.000         0.    
  401    0    1    0    1    0    1  1350.000     0.000  1608.000         0.    
  402    0    1    0    1    0    1  1440.000     0.000  1608.000         0.    
  403    0    1    0    1    0    1  1530.000     0.000  1608.000         0.    
  404    0    1    0    1    0    1  1620.000     0.000  1608.000         0.    
  405    0    1    0    1    0    1  1710.000     0.000  1608.000         0.    
  406    0    1    0    1    0    1  1800.000     0.000  1608.000         0.    
  407 -406    1 -406    1    0    1  1800.000     0.000  1608.000         0.    
        12   12
    1    1    9    7    1    1  0  0  0  0  0  0  0  0     0     0        0.    
    2    9   15    7    1    1  0  0  0  0  0  0  0  0     0     0        0.    
    3   15   21    7    1    1  0  0  0  0  0  0  0  0     0     0        0.    
    4   21   27    7    1    1  0  0  0  0  0  0  0  0     0     0        0.    
    5   27   48    7    1    1  0  0  0  0  0  0  0  0     0     0        0.    
    6   48   54    7    1    1  0  0  0  0  0  0  0  0     0     0        0.    
    7   54   60    7    1    1  0  0  0  0  0  0  0  0     0     0        0.    
    8   60   66    7    1    1  0  0  0  0  0  0  0  0     0     0        0.    
    9   66   88    7    1    1  0  0  0  0  0  0  0  0     0     0        0.    
   10   88   94    7    1    1  0  0  0  0  0  0  0  0     0     0        0.    
   11   94  100    7    1    1  0  0  0  0  0  0  0  0     0     0        0.    
   12  100  106    7    1    1  0  0  0  0  0  0  0  0     0     0        0.    
   13  106  128    7    1    1  0  0  0  0  0  0  0  0     0     0        0.    
   14  128  134    7    1    1  0  0  0  0  0  0  0  0     0     0        0.    
   15  134  140    7    1    1  0  0  0  0  0  0  0  0     0     0        0.    
   16  140  146    7    1    1  0  0  0  0  0  0  0  0     0     0        0.    
   17  146  168    7    1    1  0  0  0  0  0  0  0  0     0     0        0.    
   18  168  174    7    1    1  0  0  0  0  0  0  0  0     0     0        0.    
   19  174  180    7    1    1  0  0  0  0  0  0  0  0     0     0        0.    
   20  180  186    7    1    1  0  0  0  0  0  0  0  0     0     0        0.    
   21    2   10    7    1    1  0  0  0  0  0  0  0  0     0     0        0.    
   22   10   16    7    1    1  0  0  0  0  0  0  0  0     0     0        0.    
   23   16   22    7    1    1  0  0  0  0  0  0  0  0     0     0        0.    
   24   22   31    7    1    1  0  0  0  0  0  0  0  0     0     0        0.    
   25   31   49    7    1    1  0  0  0  0  0  0  0  0     0     0        0.    
   26   49   55    7    1    1  0  0  0  0  0  0  0  0     0     0        0.    
   27   55   61    7    1    1  0  0  0  0  0  0  0  0     0     0        0.    
   28   61   70    7    1    1  0  0  0  0  0  0  0  0     0     0        0.    
   29   70   89    7    1    1  0  0  0  0  0  0  0  0     0     0        0.    
   30   89   95    7    1    1  0  0  0  0  0  0  0  0     0     0        0.    
   31   95  101    7    1    1  0  0  0  0  0  0  0  0     0     0        0.    
   32  101  110    7    1    1  0  0  0  0  0  0  0  0     0     0        0.    
   33  110  129    7    1    1  0  0  0  0  0  0  0  0     0     0        0.    
   34  129  135    7    1    1  0  0  0  0  0  0  0  0     0     0        0.    
   35  135  141    7    1    1  0  0  0  0  0  0  0  0     0     0        0.    
   36  141  150    7    1    1  0  0  0  0  0  0  0  0     0     0        0.    
   37  150  169    7    1    1  0  0  0  0  0  0  0  0     0     0        0.    
   38  169  175    7    1    1  0  0  0  0  0  0  0  0     0     0        0.    
   39  175  181    7    1    1  0  0  0  0  0  0  0  0     0     0        0.    
   40  181  190    7    1    1  0  0  0  0  0  0  0  0     0     0        0.    
   41    3   11    7    1    1  0  0  0  0  0  0  0  0     0     0        0.    
   42   11   17    7    1    1  0  0  0  0  0  0  0  0     0     0        0.    
   43   17   23    7    1    1  0  0  0  0  0  0  0  0     0     0        0.    
   44   23   35    7    1    1  0  0  0  0  0  0  0  0     0     0        0.    
   45   35   50    7    1    1  0  0  0  0  0  0  0  0     0     0        0.    
   46   50   56    7    1    1  0  0  0  0  0  0  0  0     0     0        0.    
   47   56   62    7    1    1  0  0  0  0  0  0  0  0     0     0        0.    
   48   62   74    7    1    1  0  0  0  0  0  0  0  0     0     0        0.    
   49   74   90    7    1    1  0  0  0  0  0  0  0  0     0     0        0.    
   50   90   96    7    1    1  0  0  0  0  0  0  0  0     0     0        0.    
   51   96  102    7    1    1  0  0  0  0  0  0  0  0     0     0        0.    
   52  102  114    7    1    1  0  0  0  0  0  0  0  0     0     0        0.    
   53  114  130    7    1    1  0  0  0  0  0  0  0  0     0     0        0.    
   54  130  136    7    1    1  0  0  0  0  0  0  0  0     0     0        0.    
   55  136  142    7    1    1  0  0  0  0  0  0  0  0     0     0        0.    
   56  142  154    7    1    1  0  0  0  0  0  0  0  0     0     0        0.    
   57  154  170    7    1    1  0  0  0  0  0  0  0  0     0     0        0.    
   58  170  176    7    1    1  0  0  0  0  0  0  0  0     0     0        0.    
   59  176  182    7    1    1  0  0  0  0  0  0  0  0     0     0        0.    
   60  182  194    7    1    1  0  0  0  0  0  0  0  0     0     0        0.    
   61    4   12    7    1    1  0  0  0  0  0  0  0  0     0     0        0.    
   62   12   18    7    1    1  0  0  0  0  0  0  0  0     0     0        0.    
   63   18   24    7    1    1  0  0  0  0  0  0  0  0     0     0        0.    
   64   24   39    7    1    1  0  0  0  0  0  0  0  0     0     0        0.    
   65   39   51    7    1    1  0  0  0  0  0  0  0  0     0     0        0.    
   66   51   57    7    1    1  0  0  0  0  0  0  0  0     0     0        0.    
   67   57   63    7    1    1  0  0  0  0  0  0  0  0     0     0        0.    
   68   63   78    7    1    1  0  0  0  0  0  0  0  0     0     0        0.    
   69   78   91    7    1    1  0  0  0  0  0  0  0  0     0     0        0.    
   70   91   97    7    1    1  0  0  0  0  0  0  0  0     0     0        0.    
   71   97  103    7    1    1  0  0  0  0  0  0  0  0     0     0        0.    
   72  103  118    7    1    1  0  0  0  0  0  0  0  0     0     0        0.    
   73  118  131    7    1    1  0  0  0  0  0  0  0  0     0     0        0.    
   74  131  137    7    1    1  0  0  0  0  0  0  0  0     0     0        0.    
   75  137  143    7    1    1  0  0  0  0  0  0  0  0     0     0        0.    
   76  143  158    7    1    1  0  0  0  0  0  0  0  0     0     0        0.    
   77  158  171    7    1    1  0  0  0  0  0  0  0  0     0     0        0.    
   78  171  177    7    1    1  0  0  0  0  0  0  0  0     0     0        0.    
   79  177  183    7    1    1  0  0  0  0  0  0  0  0     0     0        0.    
   80  183  198    7    1    1  0  0  0  0  0  0  0  0     0     0        0.    
   81    5   13    7    1    1  0  0  0  0  0  0  0  0     0     0        0.    
   82   13   19    7    1    1  0  0  0  0  0  0  0  0     0     0        0.    
   83   19   25    7    1    1  0  0  0  0  0  0  0  0     0     0        0.    
   84   25   43    7    1    1  0  0  0  0  0  0  0  0     0     0        0.    
   85   43   52    7    1    1  0  0  0  0  0  0  0  0     0     0        0.    
   86   52   58    7    1    1  0  0  0  0  0  0  0  0     0     0        0.    
   87   58   64    7    1    1  0  0  0  0  0  0  0  0     0     0        0.    
   88   64   82    7    1    1  0  0  0  0  0  0  0  0     0     0        0.    
   89   82   92    7    1    1  0  0  0  0  0  0  0  0     0     0        0.    
   90   92   98    7    1    1  0  0  0  0  0  0  0  0     0     0        0.    
   91   98  104    7    1    1  0  0  0  0  0  0  0  0     0     0        0.    
   92  104  122    7    1    1  0  0  0  0  0  0  0  0     0     0        0.    
   93  122  132    7    1    1  0  0  0  0  0  0  0  0     0     0        0.    
   94  132  138    7    1    1  0  0  0  0  0  0  0  0     0     0        0.    
   95  138  144    7    1    1  0  0  0  0  0  0  0  0     0     0        0.    
   96  144  162    7    1    1  0  0  0  0  0  0  0  0     0     0        0.    
   97  162  172    7    1    1  0  0  0  0  0  0  0  0     0     0        0.    
   98  172  178    7    1    1  0  0  0  0  0  0  0  0     0     0        0.    
   99  178  184    7    1    1  0  0  0  0  0  0  0  0     0     0        0.    
  100  184  202    7    1    1  0  0  0  0  0  0  0  0     0     0        0.    
  101  186  208    7    2    2  0  0  0  0  0  0  0  0     0     0        0.    
  102  208  214    7    2    2  0  0  0  0  0  0  0  0     0     0        0.    
  103  214  220    7    2    2  0  0  0  0  0  0  0  0     0     0        0.    
  104  220  226    7    2    2  0  0  0  0  0  0  0  0     0     0        0.    
  105  226  248    7    2    2  0  0  0  0  0  0  0  0     0     0        0.    
  106  248  254    7    2    2  0  0  0  0  0  0  0  0     0     0        0.    
  107  254  260    7    2    2  0  0  0  0  0  0  0  0     0     0        0.    
  108  260  266    7    2    2  0  0  0  0  0  0  0  0     0     0        0.    
  109  190  209    7    2    2  0  0  0  0  0  0  0  0     0     0        0.    
  110  209  215    7    2    2  0  0  0  0  0  0  0  0     0     0        0.    
  111  215  221    7    2    2  0  0  0  0  0  0  0  0     0     0        0.    
  112  221  230    7    2    2  0  0  0  0  0  0  0  0     0     0        0.    
  113  230  249    7    2    2  0  0  0  0  0  0  0  0     0     0        0.    
  114  249  255    7    2    2  0  0  0  0  0  0  0  0     0     0        0.    
  115  255  261    7    2    2  0  0  0  0  0  0  0  0     0     0        0.    
  116  261  270    7    2    2  0  0  0  0  0  0  0  0     0     0        0.    
  117  194  210    7    2    2  0  0  0  0  0  0  0  0     0     0        0.    
  118  210  216    7    2    2  0  0  0  0  0  0  0  0     0     0        0.    
  119  216  222    7    2    2  0  0  0  0  0  0  0  0     0     0        0.    
  120  222  234    7    2    2  0  0  0  0  0  0  0  0     0     0        0.    
  121  234  250    7    2    2  0  0  0  0  0  0  0  0     0     0        0.    
  122  250  256    7    2    2  0  0  0  0  0  0  0  0     0     0        0.    
  123  256  262    7    2    2  0  0  0  0  0  0  0  0     0     0        0.    
  124  262  274    7    2    2  0  0  0  0  0  0  0  0     0     0        0.    
  125  198  211    7    2    2  0  0  0  0  0  0  0  0     0     0        0.    
  126  211  217    7    2    2  0  0  0  0  0  0  0  0     0     0        0.    
  127  217  223    7    2    2  0  0  0  0  0  0  0  0     0     0        0.    
  128  223  238    7    2    2  0  0  0  0  0  0  0  0     0     0        0.    
  129  238  251    7    2    2  0  0  0  0  0  0  0  0     0     0        0.    
  130  251  257    7    2    2  0  0  0  0  0  0  0  0     0     0        0.    
  131  257  263    7    2    2  0  0  0  0  0  0  0  0     0     0        0.    
  132  263  278    7    2    2  0  0  0  0  0  0  0  0     0     0        0.    
  133  202  212    7    2    2  0  0  0  0  0  0  0  0     0     0        0.    
  134  212  218    7    2    2  0  0  0  0  0  0  0  0     0     0        0.    
  135  218  224    7    2    2  0  0  0  0  0  0  0  0     0     0        0.    
  136  224  242    7    2    2  0  0  0  0  0  0  0  0     0     0        0.    
  137  242  252    7    2    2  0  0  0  0  0  0  0  0     0     0        0.    
  138  252  258    7    2    2  0  0  0  0  0  0  0  0     0     0        0.    
  139  258  264    7    2    2  0  0  0  0  0  0  0  0     0     0        0.    
  140  264  282    7    2    2  0  0  0  0  0  0  0  0     0     0        0.    
  141  266  288    7    3    3  0  0  0  0  0  0  0  0     0     0        0.    
  142  288  294    7    3    3  0  0  0  0  0  0  0  0     0     0        0.    
  143  294  300    7    3    3  0  0  0  0  0  0  0  0     0     0        0.    
  144  300  306    7    3    3  0  0  0  0  0  0  0  0     0     0        0.    
  145  306  328    7    3    3  0  0  0  0  0  0  0  0     0     0        0.    
  146  328  334    7    3    3  0  0  0  0  0  0  0  0     0     0        0.    
  147  334  340    7    3    3  0  0  0  0  0  0  0  0     0     0        0.    
  148  340  346    7    3    3  0  0  0  0  0  0  0  0     0     0        0.    
  149  270  289    7    3    3  0  0  0  0  0  0  0  0     0     0        0.    
  150  289  295    7    3    3  0  0  0  0  0  0  0  0     0     0        0.    
  151  295  301    7    3    3  0  0  0  0  0  0  0  0     0     0        0.    
  152  301  310    7    3    3  0  0  0  0  0  0  0  0     0     0        0.    
  153  310  329    7    3    3  0  0  0  0  0  0  0  0     0     0        0.    
  154  329  335    7    3    3  0  0  0  0  0  0  0  0     0     0        0.    
  155  335  341    7    3    3  0  0  0  0  0  0  0  0     0     0        0.    
  156  341  350    7    3    3  0  0  0  0  0  0  0  0     0     0        0.    
  157  274  290    7    3    3  0  0  0  0  0  0  0  0     0     0        0.    
  158  290  296    7    3    3  0  0  0  0  0  0  0  0     0     0        0.    
  159  296  302    7    3    3  0  0  0  0  0  0  0  0     0     0        0.    
  160  302  314    7    3    3  0  0  0  0  0  0  0  0     0     0        0.    
  161  314  330    7    3    3  0  0  0  0  0  0  0  0     0     0        0.    
  162  330  336    7    3    3  0  0  0  0  0  0  0  0     0     0        0.    
  163  336  342    7    3    3  0  0  0  0  0  0  0  0     0     0        0.    
  164  342  354    7    3    3  0  0  0  0  0  0  0  0     0     0        0.    
  165  278  291    7    3    3  0  0  0  0  0  0  0  0     0     0        0.    
  166  291  297    7    3    3  0  0  0  0  0  0  0  0     0     0        0.    
  167  297  303    7    3    3  0  0  0  0  0  0  0  0     0     0        0.    
  168  303  318    7    3    3  0  0  0  0  0  0  0  0     0     0        0.    
  169  318  331    7    3    3  0  0  0  0  0  0  0  0     0     0        0.    
  170  331  337    7    3    3  0  0  0  0  0  0  0  0     0     0        0.    
  171  337  343    7    3    3  0  0  0  0  0  0  0  0     0     0        0.    
  172  343  358    7    3    3  0  0  0  0  0  0  0  0     0     0        0.    
  173  282  292    7    3    3  0  0  0  0  0  0  0  0     0     0        0.    
  174  292  298    7    3    3  0  0  0  0  0  0  0  0     0     0        0.    
  175  298  304    7    3    3  0  0  0  0  0  0  0  0     0     0        0.    
  176  304  322    7    3    3  0  0  0  0  0  0  0  0     0     0        0.    
  177  322  332    7    3    3  0  0  0  0  0  0  0  0     0     0        0.    
  178  332  338    7    3    3  0  0  0  0  0  0  0  0     0     0        0.    
  179  338  344    7    3    3  0  0  0  0  0  0  0  0     0     0        0.    
  180  344  362    7    3    3  0  0  0  0  0  0  0  0     0     0        0.    
  181  346  368    7    4    4  0  0  0  0  0  0  0  0     0     0        0.    
  182  368  374    7    4    4  0  0  0  0  0  0  0  0     0     0        0.    
  183  374  380    7    4    4  0  0  0  0  0  0  0  0     0     0        0.    
  184  380  386    7    4    4  0  0  0  0  0  0  0  0     0     0        0.    
  185  350  369    7    4    4  0  0  0  0  0  0  0  0     0     0        0.    
  186  369  375    7    4    4  0  0  0  0  0  0  0  0     0     0        0.    
  187  375  381    7    4    4  0  0  0  0  0  0  0  0     0     0        0.    
  188  381  390    7    4    4  0  0  0  0  0  0  0  0     0     0        0.    
  189  354  370    7    4    4  0  0  0  0  0  0  0  0     0     0        0.    
  190  370  376    7    4    4  0  0  0  0  0  0  0  0     0     0        0.    
  191  376  382    7    4    4  0  0  0  0  0  0  0  0     0     0        0.    
  192  382  394    7    4    4  0  0  0  0  0  0  0  0     0     0        0.    
  193  358  371    7    4    4  0  0  0  0  0  0  0  0     0     0        0.    
  194  371  377    7    4    4  0  0  0  0  0  0  0  0     0     0        0.    
  195  377  383    7    4    4  0  0  0  0  0  0  0  0     0     0        0.    
  196  383  398    7    4    4  0  0  0  0  0  0  0  0     0     0        0.    
  197  362  372    7    4    4  0  0  0  0  0  0  0  0     0     0        0.    
  198  372  378    7    4    4  0  0  0  0  0  0  0  0     0     0        0.    
  199  378  384    7    4    4  0  0  0  0  0  0  0  0     0     0        0.    
  200  384  402    7    4    4  0  0  0  0  0  0  0  0     0     0        0.    
  201    6   14    8    1    1  0  0  0  0  0  0  0  0     0     0        0.    
  202   14   20    8    1    1  0  0  0  0  0  0  0  0     0     0        0.    
  203   20   26    8    1    1  0  0  0  0  0  0  0  0     0     0        0.    
  204   26   47    8    1    1  0  0  0  0  0  0  0  0     0     0        0.    
  205   47   53    8    1    1  0  0  0  0  0  0  0  0     0     0        0.    
  206   53   59    8    1    1  0  0  0  0  0  0  0  0     0     0        0.    
  207   59   65    8    1    1  0  0  0  0  0  0  0  0     0     0        0.    
  208   65   87    8    1    1  0  0  0  0  0  0  0  0     0     0        0.    
  209   87   93    8    1    1  0  0  0  0  0  0  0  0     0     0        0.    
  210   93   99    8    1    1  0  0  0  0  0  0  0  0     0     0        0.    
  211   99  105    8    1    1  0  0  0  0  0  0  0  0     0     0        0.    
  212  105  127    8    1    1  0  0  0  0  0  0  0  0     0     0        0.    
  213  127  133    8    1    1  0  0  0  0  0  0  0  0     0     0        0.    
  214  133  139    8    1    1  0  0  0  0  0  0  0  0     0     0        0.    
  215  139  145    8    1    1  0  0  0  0  0  0  0  0     0     0        0.    
  216  145  167    8    1    1  0  0  0  0  0  0  0  0     0     0        0.    
  217  167  173    8    1    1  0  0  0  0  0  0  0  0     0     0        0.    
  218  173  179    8    1    1  0  0  0  0  0  0  0  0     0     0        0.    
  219  179  185    8    1    1  0  0  0  0  0  0  0  0     0     0        0.    
  220  185  207    8    1    1  0  0  0  0  0  0  0  0     0     0        0.    
  221  207  213    8    2    2  0  0  0  0  0  0  0  0     0     0        0.    
  222  213  219    8    2    2  0  0  0  0  0  0  0  0     0     0        0.    
  223  219  225    8    2    2  0  0  0  0  0  0  0  0     0     0        0.    
  224  225  247    8    2    2  0  0  0  0  0  0  0  0     0     0        0.    
  225  247  253    8    2    2  0  0  0  0  0  0  0  0     0     0        0.    
  226  253  259    8    2    2  0  0  0  0  0  0  0  0     0     0        0.    
  227  259  265    8    2    2  0  0  0  0  0  0  0  0     0     0        0.    
  228  265  287    8    2    2  0  0  0  0  0  0  0  0     0     0        0.    
  229  287  293    8    3    3  0  0  0  0  0  0  0  0     0     0        0.    
  230  293  299    8    3    3  0  0  0  0  0  0  0  0     0     0        0.    
  231  299  305    8    3    3  0  0  0  0  0  0  0  0     0     0        0.    
  232  305  327    8    3    3  0  0  0  0  0  0  0  0     0     0        0.    
  233  327  333    8    3    3  0  0  0  0  0  0  0  0     0     0        0.    
  234  333  339    8    3    3  0  0  0  0  0  0  0  0     0     0        0.    
  235  339  345    8    3    3  0  0  0  0  0  0  0  0     0     0        0.    
  236  345  367    8    3    3  0  0  0  0  0  0  0  0     0     0        0.    
  237  367  373    8    4    4  0  0  0  0  0  0  0  0     0     0        0.    
  238  373  379    8    4    4  0  0  0  0  0  0  0  0     0     0        0.    
  239  379  385    8    4    4  0  0  0  0  0  0  0  0     0     0        0.    
  240  385  407    8    4    4  0  0  0  0  0  0  0  0     0     0        0.    
  241   27   28    7   10   10  0  0  0  0  0  0  0  0     0     0        0.    
  242   28   29    7   10   10  0  0  0  0  0  0  0  0     0     0        0.    
  243   29   30    7   10   10  0  0  0  0  0  0  0  0     0     0        0.    
  244   30   31    7   10   10  0  0  0  0  0  0  0  0     0     0        0.    
  245   31   32    7   10   10  0  0  0  0  0  0  0  0     0     0        0.    
  246   32   33    7   10   10  0  0  0  0  0  0  0  0     0     0        0.    
  247   33   34    7   10   10  0  0  0  0  0  0  0  0     0     0        0.    
  248   34   35    7   10   10  0  0  0  0  0  0  0  0     0     0        0.    
  249   35   36    7   10   10  0  0  0  0  0  0  0  0     0     0        0.    
  250   36   37    7   10   10  0  0  0  0  0  0  0  0     0     0        0.    
  251   37   38    7   10   10  0  0  0  0  0  0  0  0     0     0        0.    
  252   38   39    7   10   10  0  0  0  0  0  0  0  0     0     0        0.    
  253   39   40    7   10   10  0  0  0  0  0  0  0  0     0     0        0.    
  254   40   41    7   10   10  0  0  0  0  0  0  0  0     0     0        0.    
  255   41   42    7   10   10  0  0  0  0  0  0  0  0     0     0        0.    
  256   42   43    7   10   10  0  0  0  0  0  0  0  0     0     0        0.    
  257   43   44    7   10   10  0  0  0  0  0  0  0  0     0     0        0.    
  258   44   45    7   10   10  0  0  0  0  0  0  0  0     0     0        0.    
  259   45   46    7   10   10  0  0  0  0  0  0  0  0     0     0        0.    
  260   46   47    7   10   10  0  0  0  0  0  0  0  0     0     0        0.    
  261   66   67    7   11   11  0  0  0  0  0  0  0  0     0     0        0.    
  262   67   68    7   11   11  0  0  0  0  0  0  0  0     0     0        0.    
  263   68   69    7   11   11  0  0  0  0  0  0  0  0     0     0        0.    
  264   69   70    7   11   11  0  0  0  0  0  0  0  0     0     0        0.    
  265   70   71    7   11   11  0  0  0  0  0  0  0  0     0     0        0.    
  266   71   72    7   11   11  0  0  0  0  0  0  0  0     0     0        0.    
  267   72   73    7   11   11  0  0  0  0  0  0  0  0     0     0        0.    
  268   73   74    7   11   11  0  0  0  0  0  0  0  0     0     0        0.    
  269   74   75    7   11   11  0  0  0  0  0  0  0  0     0     0        0.    
  270   75   76    7   11   11  0  0  0  0  0  0  0  0     0     0        0.    
  271   76   77    7   11   11  0  0  0  0  0  0  0  0     0     0        0.    
  272   77   78    7   11   11  0  0  0  0  0  0  0  0     0     0        0.    
  273   78   79    7   11   11  0  0  0  0  0  0  0  0     0     0        0.    
  274   79   80    7   11   11  0  0  0  0  0  0  0  0     0     0        0.    
  275   80   81    7   11   11  0  0  0  0  0  0  0  0     0     0        0.    
  276   81   82    7   11   11  0  0  0  0  0  0  0  0     0     0        0.    
  277   82   83    7   11   11  0  0  0  0  0  0  0  0     0     0        0.    
  278   83   84    7   11   11  0  0  0  0  0  0  0  0     0     0        0.    
  279   84   85    7   11   11  0  0  0  0  0  0  0  0     0     0        0.    
  280   85   86    7   11   11  0  0  0  0  0  0  0  0     0     0        0.    
  281  106  107    7    6    6  0  0  0  0  0  0  0  0     0     0        0.    
  282  107  108    7    6    6  0  0  0  0  0  0  0  0     0     0        0.    
  283  108  109    7    6    6  0  0  0  0  0  0  0  0     0     0        0.    
  284  109  110    7    6    6  0  0  0  0  0  0  0  0     0     0        0.    
  285  110  111    7    6    6  0  0  0  0  0  0  0  0     0     0        0.    
  286  111  112    7    6    6  0  0  0  0  0  0  0  0     0     0        0.    
  287  112  113    7    6    6  0  0  0  0  0  0  0  0     0     0        0.    
  288  113  114    7    6    6  0  0  0  0  0  0  0  0     0     0        0.    
  289  114  115    7    6    6  0  0  0  0  0  0  0  0     0     0        0.    
  290  115  116    7    6    6  0  0  0  0  0  0  0  0     0     0        0.    
  291  116  117    7    6    6  0  0  0  0  0  0  0  0     0     0        0.    
  292  117  118    7    6    6  0  0  0  0  0  0  0  0     0     0        0.    
  293  118  119    7    6    6  0  0  0  0  0  0  0  0     0     0        0.    
  294  119  120    7    6    6  0  0  0  0  0  0  0  0     0     0        0.    
  295  120  121    7    6    6  0  0  0  0  0  0  0  0     0     0        0.    
  296  121  122    7    6    6  0  0  0  0  0  0  0  0     0     0        0.    
  297  122  123    7    6    6  0  0  0  0  0  0  0  0     0     0        0.    
  298  123  124    7    6    6  0  0  0  0  0  0  0  0     0     0        0.    
  299  124  125    7    6    6  0  0  0  0  0  0  0  0     0     0        0.    
  300  125  126    7    6    6  0  0  0  0  0  0  0  0     0     0        0.    
  301  146  147    7    5    5  0  0  0  0  0  0  0  0     0     0        0.    
  302  147  148    7    5    5  0  0  0  0  0  0  0  0     0     0        0.    
  303  148  149    7    5    5  0  0  0  0  0  0  0  0     0     0        0.    
  304  149  150    7    5    5  0  0  0  0  0  0  0  0     0     0        0.    
  305  150  151    7    5    5  0  0  0  0  0  0  0  0     0     0        0.    
  306  151  152    7    5    5  0  0  0  0  0  0  0  0     0     0        0.    
  307  152  153    7    5    5  0  0  0  0  0  0  0  0     0     0        0.    
  308  153  154    7    5    5  0  0  0  0  0  0  0  0     0     0        0.    
  309  154  155    7    5    5  0  0  0  0  0  0  0  0     0     0        0.    
  310  155  156    7    5    5  0  0  0  0  0  0  0  0     0     0        0.    
  311  156  157    7    5    5  0  0  0  0  0  0  0  0     0     0        0.    
  312  157  158    7    5    5  0  0  0  0  0  0  0  0     0     0        0.    
  313  158  159    7    5    5  0  0  0  0  0  0  0  0     0     0        0.    
  314  159  160    7    5    5  0  0  0  0  0  0  0  0     0     0        0.    
  315  160  161    7    5    5  0  0  0  0  0  0  0  0     0     0        0.    
  316  161  162    7    5    5  0  0  0  0  0  0  0  0     0     0        0.    
  317  162  163    7    5    5  0  0  0  0  0  0  0  0     0     0        0.    
  318  163  164    7    5    5  0  0  0  0  0  0  0  0     0     0        0.    
  319  164  165    7    5    5  0  0  0  0  0  0  0  0     0     0        0.    
  320  165  166    7    5    5  0  0  0  0  0  0  0  0     0     0        0.    
  321  186  187    7    7    7  0  0  0  0  0  0  0  0     0     0        0.    
  322  187  188    7    7    7  0  0  0  0  0  0  0  0     0     0        0.    
  323  188  189    7    7    7  0  0  0  0  0  0  0  0     0     0        0.    
  324  189  190    7    7    7  0  0  0  0  0  0  0  0     0     0        0.    
  325  190  191    7    7    7  0  0  0  0  0  0  0  0     0     0        0.    
  326  191  192    7    7    7  0  0  0  0  0  0  0  0     0     0        0.    
  327  192  193    7    7    7  0  0  0  0  0  0  0  0     0     0        0.    
  328  193  194    7    7    7  0  0  0  0  0  0  0  0     0     0        0.    
  329  194  195    7    7    7  0  0  0  0  0  0  0  0     0     0        0.    
  330  195  196    7    7    7  0  0  0  0  0  0  0  0     0     0        0.    
  331  196  197    7    7    7  0  0  0  0  0  0  0  0     0     0        0.    
  332  197  198    7    7    7  0  0  0  0  0  0  0  0     0     0        0.    
  333  198  199    7    7    7  0  0  0  0  0  0  0  0     0     0        0.    
  334  199  200    7    7    7  0  0  0  0  0  0  0  0     0     0        0.    
  335  200  201    7    7    7  0  0  0  0  0  0  0  0     0     0        0.    
  336  201  202    7    7    7  0  0  0  0  0  0  0  0     0     0        0.    
  337  202  203    7    7    7  0  0  0  0  0  0  0  0     0     0        0.    
  338  203  204    7    7    7  0  0  0  0  0  0  0  0     0     0        0.    
  339  204  205    7    7    7  0  0  0  0  0  0  0  0     0     0        0.    
  340  205  206    7    7    7  0  0  0  0  0  0  0  0     0     0        0.    
  341  226  227    7    7    7  0  0  0  0  0  0  0  0     0     0        0.    
  342  227  228    7    7    7  0  0  0  0  0  0  0  0     0     0        0.    
  343  228  229    7    7    7  0  0  0  0  0  0  0  0     0     0        0.    
  344  229  230    7    7    7  0  0  0  0  0  0  0  0     0     0        0.    
  345  230  231    7    7    7  0  0  0  0  0  0  0  0     0     0        0.    
  346  231  232    7    7    7  0  0  0  0  0  0  0  0     0     0        0.    
  347  232  233    7    7    7  0  0  0  0  0  0  0  0     0     0        0.    
  348  233  234    7    7    7  0  0  0  0  0  0  0  0     0     0        0.    
  349  234  235    7    7    7  0  0  0  0  0  0  0  0     0     0        0.    
  350  235  236    7    7    7  0  0  0  0  0  0  0  0     0     0        0.    
  351  236  237    7    7    7  0  0  0  0  0  0  0  0     0     0        0.    
  352  237  238    7    7    7  0  0  0  0  0  0  0  0     0     0        0.    
  353  238  239    7    7    7  0  0  0  0  0  0  0  0     0     0        0.    
  354  239  240    7    7    7  0  0  0  0  0  0  0  0     0     0        0.    
  355  240  241    7    7    7  0  0  0  0  0  0  0  0     0     0        0.    
  356  241  242    7    7    7  0  0  0  0  0  0  0  0     0     0        0.    
  357  242  243    7    7    7  0  0  0  0  0  0  0  0     0     0        0.    
  358  243  244    7    7    7  0  0  0  0  0  0  0  0     0     0        0.    
  359  244  245    7    7    7  0  0  0  0  0  0  0  0     0     0        0.    
  360  245  246    7    7    7  0  0  0  0  0  0  0  0     0     0        0.    
  361  266  267    7    8    8  0  0  0  0  0  0  0  0     0     0        0.    
  362  267  268    7    8    8  0  0  0  0  0  0  0  0     0     0        0.    
  363  268  269    7    8    8  0  0  0  0  0  0  0  0     0     0        0.    
  364  269  270    7    8    8  0  0  0  0  0  0  0  0     0     0        0.    
  365  270  271    7    8    8  0  0  0  0  0  0  0  0     0     0        0.    
  366  271  272    7    8    8  0  0  0  0  0  0  0  0     0     0        0.    
  367  272  273    7    8    8  0  0  0  0  0  0  0  0     0     0        0.    
  368  273  274    7    8    8  0  0  0  0  0  0  0  0     0     0        0.    
  369  274  275    7    8    8  0  0  0  0  0  0  0  0     0     0        0.    
  370  275  276    7    8    8  0  0  0  0  0  0  0  0     0     0        0.    
  371  276  277    7    8    8  0  0  0  0  0  0  0  0     0     0        0.    
  372  277  278    7    8    8  0  0  0  0  0  0  0  0     0     0        0.    
  373  278  279    7    8    8  0  0  0  0  0  0  0  0     0     0        0.    
  374  279  280    7    8    8  0  0  0  0  0  0  0  0     0     0        0.    
  375  280  281    7    8    8  0  0  0  0  0  0  0  0     0     0        0.    
  376  281  282    7    8    8  0  0  0  0  0  0  0  0     0     0        0.    
  377  282  283    7    8    8  0  0  0  0  0  0  0  0     0     0        0.    
  378  283  284    7    8    8  0  0  0  0  0  0  0  0     0     0        0.    
  379  284  285    7    8    8  0  0  0  0  0  0  0  0     0     0        0.    
  380  285  286    7    8    8  0  0  0  0  0  0  0  0     0     0        0.    
  381  306  307    7    8    8  0  0  0  0  0  0  0  0     0     0        0.    
  382  307  308    7    8    8  0  0  0  0  0  0  0  0     0     0        0.    
  383  308  309    7    8    8  0  0  0  0  0  0  0  0     0     0        0.    
  384  309  310    7    8    8  0  0  0  0  0  0  0  0     0     0        0.    
  385  310  311    7    8    8  0  0  0  0  0  0  0  0     0     0        0.    
  386  311  312    7    8    8  0  0  0  0  0  0  0  0     0     0        0.    
  387  312  313    7    8    8  0  0  0  0  0  0  0  0     0     0        0.    
  388  313  314    7    8    8  0  0  0  0  0  0  0  0     0     0        0.    
  389  314  315    7    8    8  0  0  0  0  0  0  0  0     0     0        0.    
  390  315  316    7    8    8  0  0  0  0  0  0  0  0     0     0        0.    
  391  316  317    7    8    8  0  0  0  0  0  0  0  0     0     0        0.    
  392  317  318    7    8    8  0  0  0  0  0  0  0  0     0     0        0.    
  393  318  319    7    8    8  0  0  0  0  0  0  0  0     0     0        0.    
  394  319  320    7    8    8  0  0  0  0  0  0  0  0     0     0        0.    
  395  320  321    7    8    8  0  0  0  0  0  0  0  0     0     0        0.    
  396  321  322    7    8    8  0  0  0  0  0  0  0  0     0     0        0.    
  397  322  323    7    8    8  0  0  0  0  0  0  0  0     0     0        0.    
  398  323  324    7    8    8  0  0  0  0  0  0  0  0     0     0        0.    
  399  324  325    7    8    8  0  0  0  0  0  0  0  0     0     0        0.    
  400  325  326    7    8    8  0  0  0  0  0  0  0  0     0     0        0.    
  401  346  347    7    9    9  0  0  0  0  0  0  0  0     0     0        0.    
  402  347  348    7    9    9  0  0  0  0  0  0  0  0     0     0        0.    
  403  348  349    7    9    9  0  0  0  0  0  0  0  0     0     0        0.    
  404  349  350    7    9    9  0  0  0  0  0  0  0  0     0     0        0.    
  405  350  351    7    9    9  0  0  0  0  0  0  0  0     0     0        0.    
  406  351  352    7    9    9  0  0  0  0  0  0  0  0     0     0        0.    
  407  352  353    7    9    9  0  0  0  0  0  0  0  0     0     0        0.    
  408  353  354    7    9    9  0  0  0  0  0  0  0  0     0     0        0.    
  409  354  355    7    9    9  0  0  0  0  0  0  0  0     0     0        0.    
  410  355  356    7    9    9  0  0  0  0  0  0  0  0     0     0        0.    
  411  356  357    7    9    9  0  0  0  0  0  0  0  0     0     0        0.    
  412  357  358    7    9    9  0  0  0  0  0  0  0  0     0     0        0.    
  413  358  359    7    9    9  0  0  0  0  0  0  0  0     0     0        0.    
  414  359  360    7    9    9  0  0  0  0  0  0  0  0     0     0        0.    
  415  360  361    7    9    9  0  0  0  0  0  0  0  0     0     0        0.    
  416  361  362    7    9    9  0  0  0  0  0  0  0  0     0     0        0.    
  417  362  363    7    9    9  0  0  0  0  0  0  0  0     0     0        0.    
  418  363  364    7    9    9  0  0  0  0  0  0  0  0     0     0        0.    
  419  364  365    7    9    9  0  0  0  0  0  0  0  0     0     0        0.    
  420  365  366    7    9    9  0  0  0  0  0  0  0  0     0     0        0.    
  421  386  387    7   12   12  0  0  0  0  0  0  0  0     0     0        0.    
  422  387  388    7   12   12  0  0  0  0  0  0  0  0     0     0        0.    
  423  388  389    7   12   12  0  0  0  0  0  0  0  0     0     0        0.    
  424  389  390    7   12   12  0  0  0  0  0  0  0  0     0     0        0.    
  425  390  391    7   12   12  0  0  0  0  0  0  0  0     0     0        0.    
  426  391  392    7   12   12  0  0  0  0  0  0  0  0     0     0        0.    
  427  392  393    7   12   12  0  0  0  0  0  0  0  0     0     0        0.    
  428  393  394    7   12   12  0  0  0  0  0  0  0  0     0     0        0.    
  429  394  395    7   12   12  0  0  0  0  0  0  0  0     0     0        0.    
  430  395  396    7   12   12  0  0  0  0  0  0  0  0     0     0        0.    
  431  396  397    7   12   12  0  0  0  0  0  0  0  0     0     0        0.    
  432  397  398    7   12   12  0  0  0  0  0  0  0  0     0     0        0.    
  433  398  399    7   12   12  0  0  0  0  0  0  0  0     0     0        0.    
  434  399  400    7   12   12  0  0  0  0  0  0  0  0     0     0        0.    
  435  400  401    7   12   12  0  0  0  0  0  0  0  0     0     0        0.    
  436  401  402    7   12   12  0  0  0  0  0  0  0  0     0     0        0.    
  437  402  403    7   12   12  0  0  0  0  0  0  0  0     0     0        0.    
  438  403  404    7   12   12  0  0  0  0  0  0  0  0     0     0        0.    
  439  404  405    7   12   12  0  0  0  0  0  0  0  0     0     0        0.    
  440  405  406    7   12   12  0  0  0  0  0  0  0  0     0     0        0.  
     29.e6     6.5e4 .0022414    400.     1.747e9     0.000 
     29.e6     6.5e4 .0022414    400.     1.747e9     0.000 
     29.e6     6.5e4 .0022414    400.     1.747e9     0.000 
     29.e6     6.5e4 .0022414    400.     1.747e9     0.000 
     29.e6     5.0e4 .0017241    400.     1.747e9     1.626
     29.e6     5.0e4 .0017241    400.     1.747e9     1.626 
     29.e6     5.0e4 .0017241    400.     1.747e9     1.626 
     29.e6     5.0e4 .0017241    400.     1.747e9     1.626 
     29.e6     5.0e4 .0017241    400.     1.747e9     1.626 
     29.e6     5.0e4 .0017241    400.     1.747e9     1.644
     29.e6     5.0e4 .0017241    400.     1.747e9     1.644
     29.e6     5.0e4 .0017241    400.     1.747e9     1.767 
   32				W24x229 updated to W27x539
    14.480     6.984     4.719
    14.480     5.651     4.719
    14.480     4.318     4.719
    14.480     2.985     4.719
    14.480     1.652     4.719
    14.480     0.000     6.974
    14.480    -1.652     4.719
    14.480    -2.985     4.719
    14.480    -4.318     4.719
    14.480    -5.651     4.719
    14.480    -6.984     4.719
    11.439     0.000     5.008
     8.897     0.000     5.008
     6.355     0.000     5.008
     3.813     0.000     5.008
     1.271     0.000     5.008
    -1.271     0.000     5.008
    -3.813     0.000     5.008
    -6.355     0.000     5.008
    -8.897     0.000     5.008
   -11.439     0.000     5.008
   -14.480    -6.984     4.719
   -14.480    -5.651     4.719
   -14.480    -4.318     4.719
   -14.480    -2.985     4.719
   -14.480    -1.652     4.719
   -14.480     0.000     6.974
   -14.480     1.652     4.719
   -14.480     2.985     4.719
   -14.480     4.318     4.719
   -14.480     5.651     4.719
   -14.480     6.984     4.719
   32				W24x207 updated to W27x368
    13.955     6.668     3.295
    13.955     5.340     3.295
    13.955     4.011     3.295
    13.955     2.683     3.295
    13.955     1.354     3.295
    13.955     0.000     3.422
    13.955    -1.354     3.295
    13.955    -2.683     3.295
    13.955    -4.011     3.295
    13.955    -5.340     3.295
    13.955    -6.668     3.295
    11.444     0.000     3.509
     8.901     0.000     3.509
     6.358     0.000     3.509
     3.815     0.000     3.509
     1.272     0.000     3.509
    -1.272     0.000     3.509
    -3.815     0.000     3.509
    -6.358     0.000     3.509
    -8.901     0.000     3.509
   -11.444     0.000     3.509
   -13.955    -6.668     3.295
   -13.955    -5.340     3.295
   -13.955    -4.011     3.295
   -13.955    -2.683     3.295
   -13.955    -1.354     3.295
   -13.955     0.000     3.422
   -13.955     1.354     3.295
   -13.955     2.683     3.295
   -13.955     4.011     3.295
   -13.955     5.340     3.295
   -13.955     6.668     3.295
   32				W24x162 updated to W27x307
    13.760     6.558     2.777
    13.760     5.230     2.777
    13.760     3.901     2.777
    13.760     2.573     2.777
    13.760     1.244     2.777
    13.760     0.000     2.424
    13.760    -1.244     2.777
    13.760    -2.573     2.777
    13.760    -3.901     2.777
    13.760    -5.230     2.777
    13.760    -6.558     2.777
    11.444     0.000     2.950
     8.901     0.000     2.950
     6.358     0.000     2.950
     3.815     0.000     2.950
     1.272     0.000     2.950
    -1.272     0.000     2.950
    -3.815     0.000     2.950
    -6.358     0.000     2.950
    -8.901     0.000     2.950
   -11.444     0.000     2.950
   -13.760    -6.558     2.777
   -13.760    -5.230     2.777
   -13.760    -3.901     2.777
   -13.760    -2.573     2.777
   -13.760    -1.244     2.777
   -13.760     0.000     2.424
   -13.760     1.244     2.777
   -13.760     2.573     2.777
   -13.760     3.901     2.777
   -13.760     5.230     2.777
   -13.760     6.558     2.777
   32				W24x131 updated to W27x194
    13.385     6.353     1.780
    13.385     5.025     1.780
    13.385     3.696     1.780
    13.385     2.368     1.780
    13.385     1.039     1.780
    13.385     0.000     1.005
    13.385    -1.039     1.780
    13.385    -2.368     1.780
    13.385    -3.696     1.780
    13.385    -5.025     1.780
    13.385    -6.353     1.780
    11.444     0.000     1.907
     8.901     0.000     1.907
     6.358     0.000     1.907
     3.815     0.000     1.907
     1.272     0.000     1.907
    -1.272     0.000     1.907
    -3.815     0.000     1.907
    -6.358     0.000     1.907
    -8.901     0.000     1.907
   -11.444     0.000     1.907
   -13.385    -6.353     1.780
   -13.385    -5.025     1.780
   -13.385    -3.696     1.780
   -13.385    -2.368     1.780
   -13.385    -1.039     1.780
   -13.385     0.000     1.005
   -13.385     1.039     1.780
   -13.385     2.368     1.780
   -13.385     3.696     1.780
   -13.385     5.025     1.780
   -13.385     6.353     1.780
   32				W30x108 updated to W30x148
    14.745     4.749     1.160
    14.745     3.766     1.160
    14.745     2.783     1.160
    14.745     1.800     1.160
    14.745     0.817     1.160
    14.745     0.000     0.767
    14.745    -0.817     1.160
    14.745    -1.800     1.160
    14.745    -2.783     1.160
    14.745    -3.766     1.160
    14.745    -4.749     1.160
    12.740     0.000     1.840
     9.909     0.000     1.840
     7.078     0.000     1.840
     4.247     0.000     1.840
     1.416     0.000     1.840
    -1.416     0.000     1.840
    -4.247     0.000     1.840
    -7.078     0.000     1.840
    -9.909     0.000     1.840
   -12.740     0.000     1.840
   -14.745    -4.749     1.160
   -14.745    -3.766     1.160
   -14.745    -2.783     1.160
   -14.745    -1.800     1.160
   -14.745    -0.817     1.160
   -14.745     0.000     0.767
   -14.745     0.817     1.160
   -14.745     1.800     1.160
   -14.745     2.783     1.160
   -14.745     3.766     1.160
   -14.745     4.749     1.160
   32				W30x116 updated to W30x191
    14.748     6.804     1.698
    14.748     5.371     1.698
    14.748     3.938     1.698
    14.748     2.505     1.698
    14.748     1.072     1.698
    14.748     0.000     0.841
    14.748    -1.072     1.698
    14.748    -2.505     1.698
    14.748    -3.938     1.698
    14.748    -5.371     1.698
    14.748    -6.804     1.698
    12.740     0.000     2.010
     9.909     0.000     2.010
     7.078     0.000     2.010
     4.247     0.000     2.010
     1.416     0.000     2.010
    -1.416     0.000     2.010
    -4.247     0.000     2.010
    -7.078     0.000     2.010
    -9.909     0.000     2.010
   -12.740     0.000     2.010
   -14.748    -6.804     1.698
   -14.748    -5.371     1.698
   -14.748    -3.938     1.698
   -14.748    -2.505     1.698
   -14.748    -1.072     1.698
   -14.748     0.000     0.841
   -14.748     1.072     1.698
   -14.748     2.505     1.698
   -14.748     3.938     1.698
   -14.748     5.371     1.698
   -14.748     6.804     1.698
   32				W27x94 udpated to W30x132
    14.655     4.776     0.993
    14.655     3.783     0.993
    14.655     2.790     0.993
    14.655     1.797     0.993
    14.655     0.804     0.993
    14.655     0.000     0.615
    14.655    -0.804     0.993
    14.655    -1.797     0.993
    14.655    -2.790     0.993
    14.655    -3.783     0.993
    14.655    -4.776     0.993
    12.740     0.000     1.741
     9.909     0.000     1.741
     7.078     0.000     1.741
     4.247     0.000     1.741
     1.416     0.000     1.741
    -1.416     0.000     1.741
    -4.247     0.000     1.741
    -7.078     0.000     1.741
    -9.909     0.000     1.741
   -12.740     0.000     1.741
   -14.655    -4.776     0.993
   -14.655    -3.783     0.993
   -14.655    -2.790     0.993
   -14.655    -1.797     0.993
   -14.655    -0.804     0.993
   -14.655     0.000     0.615
   -14.655     0.804     0.993
   -14.655     1.797     0.993
   -14.655     2.790     0.993
   -14.655     3.783     0.993
   -14.655     4.776     0.993
   32				W24x76 updated to W30x124
    14.620     4.761     0.923
    14.620     3.768     0.923
    14.620     2.775     0.923
    14.620     1.782     0.923
    14.620     0.789     0.923
    14.620     0.000     0.544
    14.620    -0.789     0.923
    14.620    -1.782     0.923
    14.620    -2.775     0.923
    14.620    -3.768     0.923
    14.620    -4.761     0.923
    12.740     0.000     1.656
     9.909     0.000     1.656
     7.078     0.000     1.656
     4.247     0.000     1.656
     1.416     0.000     1.656
    -1.416     0.000     1.656
    -4.247     0.000     1.656
    -7.078     0.000     1.656
    -9.909     0.000     1.656
   -12.740     0.000     1.656
   -14.620    -4.761     0.923
   -14.620    -3.768     0.923
   -14.620    -2.775     0.923
   -14.620    -1.782     0.923
   -14.620    -0.789     0.923
   -14.620     0.000     0.544
   -14.620     0.789     0.923
   -14.620     1.782     0.923
   -14.620     2.775     0.923
   -14.620     3.768     0.923
   -14.620     4.761     0.923
   32				W24x62 updated to W27x102
    13.130     4.533     0.789
    13.130     3.583     0.789
    13.130     2.633     0.789
    13.130     1.683     0.789
    13.130     0.733     0.789
    13.130     0.000     0.427
    13.130    -0.733     0.789
    13.130    -1.683     0.789
    13.130    -2.633     0.789
    13.130    -3.583     0.789
    13.130    -4.533     0.789
    11.444     0.000     1.310
     8.901     0.000     1.310
     6.358     0.000     1.310
     3.815     0.000     1.310
     1.272     0.000     1.310
    -1.272     0.000     1.310
    -3.815     0.000     1.310
    -6.358     0.000     1.310
    -8.901     0.000     1.310
   -11.444     0.000     1.310
   -13.130    -4.533     0.789
   -13.130    -3.583     0.789
   -13.130    -2.633     0.789
   -13.130    -1.683     0.789
   -13.130    -0.733     0.789
   -13.130     0.000     0.427
   -13.130     0.733     0.789
   -13.130     1.683     0.789
   -13.130     2.633     0.789
   -13.130     3.583     0.789
   -13.130     4.533     0.789
   32				# Added new W30x148 to account for inactive ground floor mass
    14.745     4.749     1.160
    14.745     3.766     1.160
    14.745     2.783     1.160
    14.745     1.800     1.160
    14.745     0.817     1.160
    14.745     0.000     0.767
    14.745    -0.817     1.160
    14.745    -1.800     1.160
    14.745    -2.783     1.160
    14.745    -3.766     1.160
    14.745    -4.749     1.160
    12.740     0.000     1.840
     9.909     0.000     1.840
     7.078     0.000     1.840
     4.247     0.000     1.840
     1.416     0.000     1.840
    -1.416     0.000     1.840
    -4.247     0.000     1.840
    -7.078     0.000     1.840
    -9.909     0.000     1.840
   -12.740     0.000     1.840
   -14.745    -4.749     1.160
   -14.745    -3.766     1.160
   -14.745    -2.783     1.160
   -14.745    -1.800     1.160
   -14.745    -0.817     1.160
   -14.745     0.000     0.767
   -14.745     0.817     1.160
   -14.745     1.800     1.160
   -14.745     2.783     1.160
   -14.745     3.766     1.160
   -14.745     4.749     1.160
   32				# Added new W30x148 to account for mezz.
    14.745     4.749     1.160
    14.745     3.766     1.160
    14.745     2.783     1.160
    14.745     1.800     1.160
    14.745     0.817     1.160
    14.745     0.000     0.767
    14.745    -0.817     1.160
    14.745    -1.800     1.160
    14.745    -2.783     1.160
    14.745    -3.766     1.160
    14.745    -4.749     1.160
    12.740     0.000     1.840
     9.909     0.000     1.840
     7.078     0.000     1.840
     4.247     0.000     1.840
     1.416     0.000     1.840
    -1.416     0.000     1.840
    -4.247     0.000     1.840
    -7.078     0.000     1.840
    -9.909     0.000     1.840
   -12.740     0.000     1.840
   -14.745    -4.749     1.160
   -14.745    -3.766     1.160
   -14.745    -2.783     1.160
   -14.745    -1.800     1.160
   -14.745    -0.817     1.160
   -14.745     0.000     0.767
   -14.745     0.817     1.160
   -14.745     1.800     1.160
   -14.745     2.783     1.160
   -14.745     3.766     1.160
   -14.745     4.749     1.160
   32				# Added new W27x102 to account for roof mass
    13.130     4.533     0.789
    13.130     3.583     0.789
    13.130     2.633     0.789
    13.130     1.683     0.789
    13.130     0.733     0.789
    13.130     0.000     0.427
    13.130    -0.733     0.789
    13.130    -1.683     0.789
    13.130    -2.633     0.789
    13.130    -3.583     0.789
    13.130    -4.533     0.789
    11.444     0.000     1.310
     8.901     0.000     1.310
     6.358     0.000     1.310
     3.815     0.000     1.310
     1.272     0.000     1.310
    -1.272     0.000     1.310
    -3.815     0.000     1.310
    -6.358     0.000     1.310
    -8.901     0.000     1.310
   -11.444     0.000     1.310
   -13.130    -4.533     0.789
   -13.130    -3.583     0.789
   -13.130    -2.633     0.789
   -13.130    -1.683     0.789
   -13.130    -0.733     0.789
   -13.130     0.000     0.427
   -13.130     0.733     0.789
   -13.130     1.683     0.789
   -13.130     2.633     0.789
   -13.130     3.583     0.789
   -13.130     4.533     0.789
  386    1    1
  390    1    1
  394    1    1
  398    1    1
  402    1    1
  406    1    1
  100    1
1	3000
2	6000
3	9000
4	12000
5	15000
6	18000
7	21000
8	24000
9	27000
10	30000
11	33000
12	36000
13	39000
14	42000
15	45000
16	48000
17	51000
18	54000
19	57000
20	60000
21	63000
22	66000
23	69000
24	72000
25	75000
26	78000
27	81000
28	84000
29	87000
30	90000
31	93000
32	96000
33	99000
34	102000
35	105000
36	108000
37	111000
38	114000
39	117000
40	120000
41	123000
42	126000
43	129000
44	132000
45	135000
46	138000
47	141000
48	144000
49	147000
50	150000
51	153000
52	156000
53	159000
54	162000
55	165000
56	168000
57	171000
58	174000
59	177000
60	180000
61	183000
62	186000
63	189000
64	192000
65	195000
66	198000
67	201000
68	204000
69	207000
70	210000
71	213000
72	216000
73	219000
74	222000
75	225000
76	228000
77	231000
78	234000
79	237000
80	240000
81	243000
82	246000
83	249000
84	252000
85	255000
86	258000
87	261000
88	264000
89	267000
90	270000
91	273000
92	276000
93	279000
94	282000
95	285000
96	288000
97	291000
98	294000
99	297000
100	300000
